
0
00
000
00004
00044
00279
0035
004
0040089
005
0080
01
01050
01425
019
02
020
02992
03
04
05
05349
05461cf517c11eb7
06
07
08
0892
08944393211013566
09
0c12516753d2423b
0e60
1
10
100
1000
100001
100043
100059
10010
100102
100180
100181
100182
1002
10020
100213
100247
10027
100273
100331
10034
100346
100356
10036
100375
100508
10051
100515
10052
100544
100551
100553
100571
100598
100624
100654
1007
100746
100853
100867
100883
10089
100892
100911
100918
100927
101058
101060
101072
101084
101088
101106
10115
101161
101184
101212
101249
10132
101360
101378
101387
101388
10139
101406
101417
101435
101443
101451
101455
101461
101463
1016
101608
101689
10170
101739
101744
10175
101783
10179
101828
101831
101844
101852
10186
101861
101883
101891
101913
101938
101950
101979
102053
102064
102068
10210
102101
102111
102125
102130
102147
102160
102173
102200
102225
102239
102264
102268
102315
102327
102365
10240
102413
102436
102455
102471
102494
102503
102523
102544
102554
102556
102587
10259
10260
102603
102644
10265
102673
10268
10270
102713
102717
102738
102762
102776
102780
102797
10280
102805
102835
102849
102869
1029
10291
102925
102927
102936
10294
10297
102986
10302
103021
10303
103039
103065
103067
103095
103117
103159
103183
103192
103247
103248
103261
103284
103292
103293
103306
103320
103339
103361
103385
103390
1034
103432
103472
103482
10350
103533
103542
103565
10363
103704
10373
10377
103817
103828
103834
103843
10385
103854
103996
10402
104069
104103
104131
104142
10420
104212
104216
104226
10423
104245
10429
104305
104338
104423
104472
104482
104486
104489
10449
104540
104643
104675
104739
104751
104779
104789
104846
104872
104887
104902
104905
104948
104975
10498
10501
105047
105064
105076
105093
105127
105159
105168
105173
105178
105182
105210
10524
105257
105259
105261
105270
105272
105282
105290
105319
105324
105368
105406
105407
105412
105418
105484
10551
105511
105535
10558
105591
105623
105625
105675
105685
105706
105715
105783
105795
105811
105822
105825
105832
105833
105861
105880
10589
105894
105939
106003
106023
106103
106121
106154
106189
106199
106212
106223
106238
106252
106265
106296
106304
106410
10647
106502
106527
106540
106605
106608
106625
106639
10669
106707
10688
106944
10697
107015
107095
107124
10713
10717
10721
10731
107328
107395
107425
107432
107434
107435
10744
107465
107509
107545
107618
107622
10763
107656
10769
107702
107711
107761
10783
107906
10791
107910
10792
107930
107932
107938
107972
107994
108074
108077
108105
108117
108119
108126
108129
108133
10814
108149
108167
108170
108180
108222
108232
108234
108263
108336
108337
108371
108400
108405
10841
108430
108439
108477
108554
108565
108614
108635
10864
108665
108670
108727
10873
108851
108965
109001
109004
109018
109024
109028
109036
109044
109058
109153
10916
109183
109235
109257
109265
109311
109347
109371
109380
109412
109414
109424
109478
109479
109490
109501
109505
109509
109584
109589
109590
10962
109630
109639
109669
109730
109745
109775
109790
109806
109821
109827
10985
10988
109895
109929
109955
109974
11
110035
11005
110053
110073
110075
110103
110122
110126
110153
110166
110179
110192
11022
110271
110273
110335
110343
110354
110364
11037
110378
110388
110400
110405
110414
110420
110449
110464
110471
110570
110600
110607
110613
11062
110633
110645
110663
110670
110673
11068
110680
110708
110724
110727
110755
1108
110839
11085
110857
110908
11096
110989
1109946251
111
111003
111011
1111
111130
111137
111161
111166
111178
111183
111203
111210
111213
111219
11123
111305
111336
111342
111353
111362
111368
111369
11141
111420
111467
111469
111472
111482
111502
111547
111548
111560
11158
111601
111629
111655
11167
111683
111695
111742
111757
111761
111772
111858
11186
111911
111955
111959
111997
112001
11205
112140
112237
112242
112257
112284
112320
112332
112333
112340
112345
112413
112489
11255
11255703
112638
112670
112675
11272
112734
112780
112818
112825
112831
112858
112872
112884
112906
11295
11300
11302
113039
113054
113068
113071
113129
11313
11314
113141
113190
113237
113255
113262
113264
113315
113319
11334
113349
113398
11341
113497
113539
113558
113566
113609
113613
113649
113660
113668
113711
113725
11373
113755
113773
11379
113795
113796
113811
113832
113836
113862
113889
11390
113926
113956
113964
113980
114035
114083
114128
11413
11417
114178
114213
11423
114237
114267
114308
114338
11441
114484
11450
11451
11454
114565
114577
114593
114618
114624
114634
114673
114681
114690
114701
114735
114764
114783
114816
114820
114912
115001
115012
115026
11509
115091
115094
115109
115130
115137
115145
115189
115194
115253
115254
115256
11527
115316
115343
11538
115436
115441
115445
115452
115461
115465
115483
115497
115501
11551
115553
11557
115684
11574
115812
11584549
11585
115869
115876
115890
11590
115908
116021
116026
116029
116055
116060
116103
116139
116146
116158
116161
116204
116258
11627
11628
116287
116303
11631
116313
116318
116335
116336
116348
116358
11637
116370
116435
116450
116472
11649
116498
116513
116528
116529
116531
116545
116577
116593
116655
116659
116662
116668
116726
116743
116747
116757
116810
116880
116897
116900
116995
11701
117040
117060
117064
117083
117098
117099
117122
117126
11713
117154
117224
117263820920114720157
11727
117297
117368
117382
117392
117407
117446
117458
117490
117498
11752
117522
117529
117540
117570
117619
117651
117653
117695
1177
117700
11772
117756
11776
1178
117832
11785
11791
117971
117983
118033
118048
11806
118074
118075
118115
11814
118147
118149
118153
118238
118269
118282
118329
118363
118413
11847
118472
118520
118526
11853
118575
118654
118659
118688
11869
118710
118738
118772
118796
118801
11882
118851
118925
118941
118974
118980
118984
119008
11901
119025
119062
119085
119116
119117
119127
119133
11924
119247
11925
119287
11929
119291
119317
119322
119364
119396
119399
119563
119579
119604
119605
119607
11963
119651
119687
119739
119745
119773
119826
119890
119892
119910
119911
119933
11998
11999
11ea
12
12000
120002
120036
12009
120101
120107
120113
120153
12028
120280
120290
12033
120360
120366
120370
120388
120394
12048
120488
120491
120514
120557
12056
1205661944
120629
120726
120732
120734
120857
120926
120954
121015
121065
121140
121171
121185
12122
121291
121293
121398
121407
121413
121414
121433
121449
12154
121545
121584
12161
121622
121638
121662
121676
121680
121693
12172
12178
121848
121853
121874
121892
12191
121914
121925
121941
121953
121991
121999
122015
122017
122058
122079
122139
122144
122238
122299
122304
122318
122319
122328
122336
12234
12238
122385
122437
122441
122459
122472
122516
12252
122525
122535
122629
122643
122669
122734
12275
122762
122784
122786
122815
12282
122827
122829
122832
122846
122848
12285
122863
122926
122935
122954
123007
123049
12316
123172
123224
12323
123236
123239
123249
123262
123265
123275
123284
123331
123337
123357
12336
123365
123385
123400
12344
12345
123455
123487
12351
123513
123521
12353
123546
123547
123556
123587
123601
123617
123632
12371
123721
123775
123776
12378
123781
123786
123790
123812
12385
123857
12386
123896
123933
123934
123952
123998
124003
124018
124140
124160
12421
124225
124243
124245
124248
124261
124269
12428
124343
124383
124399
12440
124402
124426
124443
12445
12446
124462
124488
124528
124567
124589
124595
12462
124629
124685
124705
12473
124733
124748
124759
12477
124811
12485
124852
124854
12486
124868
124899
124906
1249073
124926
124940
124972
125041
125061
125075
125094
125101
125121
125122
125140
125151
125160
125162
125177
125240
125251
125262
125358
12536
125373
125376
125377
125391
12542
125445
125497
125535
125549
12557
125592
125615
125643
125644
125679
125693
125694
125698
12570
125703
125747
125748
125752
125778
125785
12581
125818
125848
125920
125934
125999
12600
126001
126030
12606
12609
126104
126105
126115
126142
126156
126170
126184
126225
126240
126283
126387
126404
126444
12645
126509
12652
126537
126549
126564
126570
126576
126593
126612
126626
126654
126663
126696
126702
126706
12673
126733
126735
126736
126738
126804
126836
12691
126937
126943
126961
126967
12699
12700
127009
127026
127072
127099
127146
127147
127148
127154
127208
127236
127243
127254
127287
127298
127344
127349
127354
127366
127435
127458
127480
127487
127509
127515
12752
127542
127549
127568
127575
127586
127589
127593
127598
127602
127606
127655
127668
127696
12774
127744
127758
127781
127790
127879
127891
12797
127980
128008
128019
12803
12804
128102
128189
12822
128260
128266
128271
128272
128296
128320
128322
128337
12840
128438
128446
128477
128523
128526
128595
128608
128620
128690
12870
128705
128712
12873
128793
128812
128813
128814
12882
128821
128839
12886
128867
128885
128913
128914
128923
128926
128928
128952
128966
128992
128995
129002
129036
129068
129070
129099
129115
129122
129198
129201
129225
129230
129233
129236
129254
129260
12932
129332
129372
129396
12942
129426
129430
129436
12945
129531
129554
12958
129587
129597
129617
129625
12963
129640
129670
129677
129694
129701
129706
12971
129731
129736
129794
12982
129822
129824
129845
129872
129905
129918
129924
129996
13
130004
13001
130017
130025
130051
130058
130060
130070
130105
130144
130146
13016
130163
13017
130171
130211
130219
130225
130238
130258
130260
130306
130368
13038
130429
130440
13046
130464
130472
130540
130554
130576
130585
130594
130596
130597
130611
130626
13063
130656
130670
130672
130675
130686
130697
130723
130730091255
130751
130772
130774
130792
130805
130812
130819
130823
130843
130847
130858
130870
13088
130941
130979
131005
13101
131017
131044
131058
131061
131068
131110
131116
13112
131187
131188
131196
131218
131224
131225
131240
131249
131252
131260
131265
131286
131289
131311
131338
131342
131345
131367
131377
131391
131397
13140
131406
131480
131482
131543
13163
131637
131649
131667
131700
131729
131759
131763
131776
131861
131869
131917
131933
131941
131945
131962
131970
13198
13201
132020
132024
132035
132053
132069
132081
132098
132140
132142
13215
132196
132203
13222
132239
132241
132246
132249
132256
13226
13228
132287
132295
132316
132399
132407
132417
132421
132444
132541
132557
13256
132605
132622
13264
132642
132699
132717
13272
132723
132737
132756
132764
132774
132788
13279
132818
132842
132848
132849
132859
132916
132939
132946
132947
132960
13298
13302
133027
13303
133043
133049
133087
133108
133154
133190
133199
13324
133259
133274
133282
133297
133364
133379
133394
133398
13340
13343
133451
133579
133591
133607
13364
133644
133649
13371
133747
133831
13386
133956
133963
134058
13414
134204
134293
13432
134464
134514
134518
134671
134722
134765
134871
134945
134973
135049
135111
135112
13516
13524
135246
135259
135285
135289
13546
135503
135539
13569
13573
135755
13590
135945
13642
13659
13664
13673
13677
13678
13695
1371
13713
13723
13751
13752
13781
1379
13809
13817
13825
13828
13855
13856
13873
13876
13877
13892
13895
13909
13916
13930
13948
13976
13992
14
14003
14017
14031
14045
14059
1407
14074
14093
1413398763
14145
14151
14165
14172
14184
14185
14196
14208
1420972
14211
14266
14274
14332
14360
14404
14405
14428
14438
14443
14453
14466
14562
14576
14578
14584
14661
1467
14672
14676
14680
14686
14732
14748
14760
14780
14786
14790
14814
14837
14841
14857
14866
14881
1488472559
14892
14947
14955
14979
14990
15
15000
15007
1501633494
15022
15023
15037
15055
15067
15090
15101
15108
15128
15137
15153
15166
15173
15179
15184
15189
15202
15233
15235
15271
15312
15355
15370
15411
15435
15448
15477
15496
15517
15533
15541
15547
15555
15560
15565
15575
15577
15585
1559
15618
15641
15649
15664
15674
15694
15711
15715
15754
15761
15788
15794
15801
15814
15817
15840
15865
15868
15875
15891
15898
15901
15904
15913
15934
15939
15953
15979
15982
15987
15999
159ccba19f2c2fd2
16
16017
16048
16049
16055
16076
16077
16078
16080
16112
16129
16146
16169
16174
16183
16207
16211
1622
16221
16226
1624
16279
16285
16291
16328
16334
16350
16377
1638
16412
16414
16415
16429
16434
16442
16459
16466
16483
1649797532
165
16515
16516
1652652000
16532
16546
16556
16590
16603
16633
16640
16657
16687
167
16717
16724
16754
16761
16773
16780
16806
16813
16823
16838
16856
16880
16888
16896
16909
16910
16915
16946
16949
16982
16d0
17
17039
17061
17078123
17080
1710
17101
17110
17111
17117
17145
17147
1717
17171
17200
17211
17213
17222
17225
17232
17240
17258
17266
17295
17305
17323
17336
17339
17350
17370
17383
17401
17402
17412
17416
17434
17435
17466
1747
17480
17488
17494
17495
17498
17525
17531
17536
17544
17553
17554
17563
17573
17574
17587
17594
17604
17627
17632
17635
17648
17649
17659
17660
17678
17708
17743
17745
17803
17859
17917
17925
17926
1792676567
17969
17980
17992
17993
18002738255
18006564673
18007997233
18009506264
18015
18043
18086
18118
18136
18141
18153
18157
18173
18195
18198
18209
18214
18224
18229
18242
18248
18258
18260
18264
18301
18313
18332
18339
18369
18378
18382
18386
18387
18393
18400
18403
18445
18446
18455
18459
18463
18481
18553
18562
18583
18593
18606
18697
18704
18727
18734
18740
18763
18834
18874
18906
18917
18918
18925
18932
18945
18948
18950
18952
18962
18980
19
19017
19021
19025
19038
19042
19052
19105
19118
19120
19151
19174
19186
19189
19200
19205
1920726
19216
19218
19223
19227
19309
19313
19317
19337
19342
19348
19351
19378
194
19427
19449
19461
19462
19464
19501
19509
1951d1b51058e4a1
19575
19588
19606
19643
19648
19659
19676543
19684
19687
19693
19694
19698
19708
19709
19714
19719
1972
19726
19728
19740
19742
19743
19830
19841
19843
19863
19873
19876
19894
1992
19939
19943
19950
19957
1a3b96455664f38a
1f42b45a3ce384f6
1title
2
20
20025568
20029130
20043
2005
20057874
2006
2008
20082
2009
201
2010
201005
2012
201209
2013
20133
20138
20139
2014
2015
2016
20168
2017
2018
20183695
20185
2019
201911
2020
202020
20204
2021
20214
20218
2022
202202072683
2023
20230
20246
20252
20260
20283
20293
20297
20306885
20316
20331
20334
20341
20344
20350929
20384610
20385249
20404
20417
20420
204267
20427
20436
20440
20455
20458
20474
20488
20500
20503
20515
20520
20529
20543
20546
20591
20622
20631
20640
20642
20646990
20656
20674
20675
20689
20702
20711
20727
20731
2076
20764
20791
20792
20802
20819960
20820
20a
20A
20affect
20after
20age
20all
20also
20among
20and
20another
20anxiety
20appeared
20are
20axis
20behavior
20behavioral
20behavioural
20Bipolar
20capabilities
20cognitive
20conclusively
20conditioning
20conditions
20contrast
20controlled
20creates
20depression
20designed
20devices
20Disorder
20exposed
20face
20family
20Family
20financial
20first
20for
20groups
20has
20have
20health
20help
20How
20humanistic
20impacts
20important
20in
20indicates
20influences
20internet
20intervention
20involved
20is
20Library
20Live
20lives
20long
20longer
20Longer
20low
20many
20may
20media
20mental
20microbiome
20more
20most
20negative
20ninety
20non
20not
20notably
20October
20of
20or
20other
20our
20outcomes
20percent
20periods
20properties
20prospective
20psychotherapy
20randomized
20recovery
20reinforcement
20reinforcing
20research
20result
20revealed
20self
20show
20shown
20social
20structure
20studies
20study
20substantively
20symptoms
20term
20that
20the
20therapy
20throughout
20to
20too
20trial
20type
20types
20Up
20versus
20well
20when
20with
20work
20yet
21
211
21178
21198
21202
21203
21209
21221
21223
21235
21246
21260
21265
21271
21281
21304
21309
21311
21320700
2134
21365
21372
21374
21380
21387
21404
21407
21417
21439
21458
21521
21558
21565
21566
21570
21578
21580
21610
21615
21617
21619
21620
21645
21671
21677
2169
21695
21710
21717
21735
21780
21791
21810
21849
21865
21871
21878
21880
21884
21885
21900
21922
21938
21955
21965
21967
21993
22001
22024
22026
22028
22032
22045
22062
22078
22095
22101
22129
22201
22202
22203
222087d8b0d737f4
22215
22250
22253
22254
22259
22267
22318
22344
22356
22364
22408
22415
22447092
22460
22507
22539
22548
22563
22564
22567
22569
22576
22577
22592
22618
22620
22623
22628
22636
22648
22669
22687
22696
22699
22717
22745
22767
22792
22804
22820
22823
22828
22830
2285
22871
22908
22953
22957
22972
23001
23037
23038
2306
23063
23069
23077
23080
23081
23097
23129
23140
23157
23159
23178
23180
2319
23190
23201
23210
23256
2326
23271
23272
23279
23280
233
23304
23305
233241159
23333
23334
23337
23344
23360
23371
23392
23397
2341
23416
23417
2342
23436
23440
23447
23486
23491
235
23547
2357
23591
23605
23610
23611
23624
23626
2363
23635
23649
23652
23664
23669
2369
23714
23752
2376
23763
23805
23818
23825
23849
2385
23868
23888
23890
23916
23925
23969
23974
23984
23985
23989
23990
24
2403
24044
24061
24072
24085
24115
24117
24125
24127
24131
2414
2416
24170
24174
24189
2419
24191
24192
24199
24210
24212
24235
2425
24253
24261
24280
24318
24330
24350
24354
24355
24426
24462
24473
24507
24509
24513
24518
24519
24531
24549
24578
2459
24604
24610
24624
24627
24632
24642
24652
24658
24671
24676
24681
24686
24693
247
24739
24742
24763
24775
24776
24805
24833
24837
248516
24856
24877
24884
24902
24920
24931537
24968
24985
24997
25
25008
25023
25035
25060
25071
25080
25166
25171
25182
25222
25249
25261
25282
25283
25297
25320
25331
25344
25355
25445
25453710
25478
25518
25546
25547
25572
25593
256
25609
2565
25679
25694
2572
25722
25739
25752
25767
25798
25817
25845
25866
25895
25947
25955
25975
25977
26021
26066
2607
26091
26134
26138
26139
26154
26193
26195
26196
26202
26217
26218
26219
26232
26240
26333
26339
26353411
26381
26412
26425443
26434
26482
26484
26561
2658
266
26618
26636
26641
26671
26690637
26715
26722
26761
26785
26863
26884
26980
26a00ee5b854c679
27000
27052
27063
27085
27089
2709
27097
27111
27141
27157
27182
272
27222
27253
27293
273
27326
27336
27340
27376
27400
27426
2746
27491
275
27502
27517
27526
27528
27542
27549
27611
27651
27657
2766455
27665
27678
2768
277
27703
27711
27732
27748
27785
27817
27819
27869
27880
279
27930
27934
27955
27956
27961
27970
27973
27s
2800
28009467
28023
28059
28068
28108
28207
28246
28266
28312
28314
2834
28361
28455
28540
28599
28618
28621
28674
28686
28692
28725
28744
2875
28837
2887
28898
28901
28979
28982
28987
28997
29
29001
2904
29079
291
29120
29157
2924
2926
29404
294143
29439
29464
29552
29564
29604
29639
29660
29727
29738
29754
29756
2976
29791
29869
29874473
29887
29928
29994
29995
2ahUKEwj
2ahUKEwj4g5
2ahUKEwjD18eNqL3uAhUsCTQIHXe4A7AQFjAHegQIAhAC
2ahUKEwjEov3RyavvAhW6IDQIHUXtCDQQFjAGegQIBRAD
2ahUKEwjIu9qA
2ahUKEwjmmYatyqvvAhVkNn0KHTBkDEUQFjABegQIBRAD
2C
2Dbased
2Dbehavioral
2Desteem
2Dface
2Dinferiority
2Dtime
2Dto
2F
2Fanxiety
2Farticles
2Fat
2Fbooks
2Ffb
2Fhealth
2Fhow
2FNBK138422
2Fpositivepsychology
2Freduce
2Fs11199
2FSIWLLC
2Fsolution
2Fwomens
2Fwww
3
30
30005
30023
30046
30053
30073921
30074
30079
300902079
3011
30139
3014
3018
30186
30238
3024343
30363
304247
30463
30467
30503
3051
30520
30594
30622
30660
30683
30704
30741
30782
30796
30799
30815
30887
309
30948709
30965
31
31023
31032
31066
311
31140
31141
31197
31250
31321
31330
31370
31408
3141
3145107
31452
31461
31510
31581
3166
31745855
31781
31831
3184
31872
31889
31892
31896
31971
31985
32038380
32054
32083
321249
32126
32129
32173
32324
32325
32349
3238
32386
3240
324417
3245
32459
32468
32545
325483
32639
32686
32687
3270
32779
3284
32873
32890
32909
32947
32983
33006
33024
33025
33028074
33055
33137
3315
3323
33260
33330
33333
3336
33369
33383
33398
33521
33582
33595
33636
33642
3366
33666
33705
33720
33721
33737
33792
33799
33812
33850
33869
3389
33997
33d91445
34096
34151
3419
3423
34296
34332
34408
34411
34436
3444
3445
34517
3463
3473
34744
34786
34795
3485
348725
349375
34946
35001
35008
35030
35056
35172
35302359
35306
35344
35375
35415
35507
35519
35560
35679
35708
35759
3583
35839
35870
35885
36046
36064
36071
36087
3612
3615
36157
3617
36308
36382
36393
36494
36518
36555
36573
36640
36644
36692
3672
36768
36792
36976
37007
37038
37042
37074
37100
37151
37178
37198
37240
37241
37241824
37255
37327
37363
3748
37571
3758
37598
37664
3768
37687
37724
37746
37751
37785
3779
37859
37921
37940
37986
380
38069
38072
38098
38124
38156
38171
38190
38200
38380
38443
38545
385706
38666
38667
38673
38679
38685
38694
38707
38784
38871
38881
38888
38890
38958
38967
38969
38983
39029
39065
39071
39092
39099
39134
39230
39232
39253
39268
39348
39355
39405
39440
39593
39628
39665
39767
39804
39819
39825
39889
3A
3Dihub
3tbCqb3uAhWECTQIHb1mBrAQFjABegQICBAC
4
40059
40067
40075
40082779209c2ddb
40142
40271
40293
40309
40327
40337
40402
40409
40418
40504
40531
40568
40571
406
40621
40693
40733
40792
40802
40803
40845
40873
40891
40893
41025
41051
41092
41146
41162
41181
41191
41194
41218
41254
41327
41463
415
41522
41558
41572
41603
41643
41706
41763
41767
41777
41811
41817
41943
41948
42000
4201
42037
42096
42153
42190
42242
42269
42295
42314
4233
42330
42349
42398
42428
42447
42477
4250
42506
42507
42549
42615
42673
42687
42695
42699
42740
42826
42875
429
42944
42983
430
43001
43010
43016
43049
43135
43139
43188
43237
43243
43258
433020
43330
43338
43381
43414
43421
43486
43505
43541
43548
4357
43642
43665
43737
43760
43767
43794
43836
43885
439
43905
43918
43929
43979
43986
4402
44041
44115
44169
44204
44219
44244
44303
44361
44438
44450
445
4453
44545
44570
44587
44598
44608
44611
44639
44654
44675
448
44837
44876
44977
45
45058
45091
45133
45154
4518
45220
45239
45267
45286
4534
45385
45389
45406
45410
45436
45497
45524
45564
45590
45738
45756
45763
45806
45815
45904
45957
46004
46017
46031
46053
46105
46214
46266
46312
46344
46407
46433
46489
46527
46586
46633
46635
46645
46676
46714
4673
46771
46828
469
46924
46952
46958
46962
47015
47072
47131
47142
47164
47167
47170
472
47222
47231
47292
47367
47381
47383
47407
47448
47500
47547
47584
47644
47720
47742
47749
47796
4784
47897
47939
47940
47951
47961
47980
47990
47994
48003
48061
48104
48112
48150
48204
48210
48236
48248
48296
48347
48349
48372
48395
484
48439
48589
48601
48617
48620
48645
48671
48675
48747
48804
48835
48903
48950
48960
48967
48968
48994
49007
49043
49047
49054
49095
49128
49131
49137
49138
49179
49308
49370
49410
49454
49461
49466
49511
49545
49550
496
49618
49733
49789
49797
49817
49887
49889
49904
49939
4997
4a433143
4beDqxrMw782
4c801713824842612482c2dee8575d503acb
4c96
5
50
50005
50011
50021
50074
501
50108
50110
50201
50237
50262
50274
50285
50312
50323
5034
50341
50353
50483
50492
50521
5054
50589
50760
508
50883
50915
50954
50965
51037
51040
51097
51098
51100
51101
51141
51253
51410
51415
51490
51519
51561
51610
51633
51656
51665
51669
51685
51690
51745
51795
51804
51812
518362255
51871
51911
51936
520
52012deb0cdc4b11
52071
521
52108
52115
52163
52183
52192
52199
52373
52394
5239b0d68c4cc8d9
52440
52465
52515
52563
52589
52616
52686
52777
52812
52819
52886
52924
530
53095
53101
53144
53185
53193
53209
53227
53246
53276
53289
53341
53352
53412
53423
53435
53620
53625
53676
53681
5370
53710
53746
53761
53784
53790
53960
53984
53991
54021
54095
54096
54111
5412
54128
54133
54168
54221
54223
54265
54279
54293
54316
54373
54381
54434
54461
54473
545
54569
54583
54595
54640
54666
54675
54695
54697
54716
54734
54738
54808
54894
54895
54949
54957
54958
54965
55060
55080
55122
55139
55193
55214
55217
55307
55334
55355
55358
55407
55416
555
555097249
5551
5552
55538
55551
55566
55617
55622
55683
55726
55730
55737
55786
55787
55871
55926
55937526
55944
56
56007
56021
56118
56201
56229
56236
56241
56265
56280
56287
56341
56369
56388
56396
56427
56445
56511
56642
56671
5668
56690
56705
56794
568b840ecff66744
56923
57052
57069
57086
57175
57211
57225
57280
573
57305
57327
57341
57346
57418
57543
57677
57684
577
57715
57717
57764
57766
57769
578
57805
57818
57833
579b097f4ebb
580
58043
58070
58075
58080
58179
58272
58339
58408
585
58574
58591
58611
58626
58650
58667
58670
58769
58783
58804
58833
58834
58850
58860
58865
58930
58974
58da6a49e4b0ef7ce8c5c1ab
58f266ab5aa1fb9f
59084
59086
5908af36e4b084f59b49fd06
59156
59272
59367
59371
59408
59411
59454
59460
59526
59567
59571
59573
59655
59677
59729
59758
59766
59793
59836
59874
59888
59952
59982
5a453dbbe4b06cd2bd03deae
5B11
5Barticle
5Bauthorslug
5Bcategory
5cd94c89d3acac5f
5D
5d142713b384
5E1JEIU
5lovelanguages
6
6006564
60070
60081
60096
60168
60189
60293
60347
6039
60425
60433
60439
60489
60507
60642
6066
60661
60664
60681
60689
60705
60739
60854
60d414dc9e23
61064
61092
61115
6124a227b8353d77
61261
61384
61395
61456
61465
61491
61501
61502
61515
61520
61543
61577
616
61640
61673
61755
61827
61828
62037
623942446
62464
62467
62542
62561
62573
62578
62593
6261
62611
62614
62640
6267
62680
62681
62704
6277
62777
62780
62788
62794
62820
62822
62915
62928
62f5f8c1cd2fbbcf
63020
63063
63088
63119
63195
6320
63218
63242
63334
63427
63447
63523
6363
63652
63675
63702
6371
6374
63747
63810
63874
63884
63892
63906
64080
64084
64101
64107
64124
64194
64207
6425
64279
64288
6431
64335
64345
64399
64416
64434
6450
64588
64596
64606
64617
64643
64648
64670
64701
64722
6473
64736
64745
64749
6489
6497
64971
64c3a7d5
65001
65004
65023
65025
65161
65178
65226
65286
65328
65332
65333
6545
65461
65504
65565
656
656532235
65676
65692
65787
65893
6592
65959
65973
66000
66016
66031
66090
66099
66151
662
66232
66301
66317
66369
6641
66412
66427
66428
66459
6648
66482
66537
66586
66665
66710
66726
6679
66793
66794
66797
6682
66833
66858
669
66940
66951
67069
67076
67111
67115
6715
67177
67212
67225
6736
67360
67375
67401
67468
67493
675237
67540
67541
67623
67671
67714
6778
67801
6784
6787
67884
6790
67929
6795
67953
6799
68000
68020
68047
68056
68109
68147
68151
68271
68297
6842
68437
68494
685
68532
6854
68556
68645
68668
68709
68715
68750
68761
68770
68831
68841
68850
68881
68886
68941
68957
68978
6912
69150
69177
69226
69232
69256
69285
69348
6936
69364
69388
6945
69469
69512
69594
69617
69630
69673
69677
69718
69729
69740
69769
69770
69933
69950
69968
69997
6LetGMcUAAAAANFcpJR1wJz3D5h
6LfapscUAAAAALp314pe4NEnjsa7EQ
7
70022
70057
70072
70074
70084
70121
70215
7026
70275
70320
70322
70348
704
70401
70418
70450
70460
70538
70542
70605
70649
70667
70691
70694
70705
70722
70727
70740
70741
70748
70765
70834
70850
70933
71001
71037
71141
71151
7116
711626
71173
71177
71329
71361
71366
71377
71389
7141
71423
71441
71443
71466
71483
71513
71579
71622
71649
71686
71695
71701
71708
7180
71870
71880
71893
71894
71919
7193
71976
71983
7200
72001
72013
7203
72035
72152
7216
72242
72249
72308
72311
72314
7233
72347
72352
72463
72464
72465
72477
72486
72513
72530
72539
72618
72638
72698
7280
72851
72870
72920
72974
73004
73032
73035
73041
73044
73059
7311
73197
73198
73209
73265
73270
73274
73294
7331
73351
73378
73382
73385
73388
73414
73426
73435
7347
73481
73501
73505
73516
73526
73541
73618
73622
7364
73729
73739
73765
7377
73899
73969
73984
74001
74048
74056
74062
74079
74083
74084
74095
74110
74150
74163
74190
74209
74212
7423
74300
7431
74353
7440
74408
74410
74416
74442
74446
74447
74518
74529
74548
74555
74562
74568
74633
74705
74711
74720
7476
74764
7478
74809
74913
74927
74961
7498
75028
7505
75054
7506
75099
75110
75142
75149
75168
75204
7521
75219
75233
75235
752412752
75268
75310
75399
75402
75426
7544
7545
75452
7547
75483
75484
75491
7550
75539
75547
75552
75586
75630
75699
75732
75778
75835
75857
75873
75938
75945
75974
75994
76057
76060
76078
76132
76151
76240
76268
7628
76299
76331
76355
76404
7643
76446
7645
76512
76535
76596
7660
76640
76662
76721
76771
76774
76781
76783
76803
76816
76828
76849
76859
76975
7699
76994
76ef5c4121e6f868667ecbc87cecb36edf50
77012
7703
77046
77103
77153
77161
77171
77196
77215
7722
77314
77321
77329
77380
773c7ed579b1
77451
7750
77502
77524
77534
77535
77540
7755
77698
77743
77773
77779
77788
77856
77896
77956
77961
77968
77970
78001
78102
78139
78164
78229
78234
78235
78257
78283
78284
78287
78301
78303
78324
78338
78351
78368
78375
78388
78400
78402
78420
78426
78475
78528
78533
78539
78556
78575
7858
78590
78633
78648
78689
7871
78746
78762
78764
78783
7885
78851
78864
78900
78929
7896
79066
79069
79084
79120
79190
79197
7930
79362
7938713002
79438
7946
79462
79539
79564
79640
79649
79662
79666
7973
79758
79772
79784
79792
79798
79828
79831
79834
79893
799
79914
79918
79921
79945
7995
7999
79B076297F94ABA735690C884E5DA6F7
7c77260a47612074
8
80
800
80015
8002
8006
80072
8007997233
8009
80150
8020
80201
8021
80216
80227
80306
8033
80335
80377
80387
80398
80429
80434
80475
80505
80558
80575
8062
80660
8071
80743
80758
80857
80897
80923
80929
80950
80983
81
81060
81065
81075
81179
81193
81270
81301
81315
81337
81430
81437
81442
81461
81469
81476
81498
81502
81531
81535
81570
81604
81625
81699
81708
81741
81784
81835
81853
8188
81895
81906
81916
81922
81944
8195
81970
8200
82039
82133
82135
82172
8218
82260
8233
82355
82415
82418
82453
82495
82501
82517
82526
82529
8255
82568
82597
8261
82613
82645
82673
82680
82694
8271272
82762
8278
8287
8292
82936
82955
8296
82962
82964
82980
83010
83018
83027
83050
83061
83063
83081
83102
83111
83141
83275
83280
83300
83314
83370
83371
83393
834
8341
83436
83472
8351
83530
83536
83547
83585
8359
83593
83631
83655
83665
83672
83687
83735
83741
83749
83776
83802
83816
83828
83833
83866
8390
83916
83921
83926
83956
83961
83995
84
84002
8402
84056
84081
84093
84127
84133
84177
84189
84232
8426
84268
84275
84300
84329
8433
84337
8435
84363
84368
8439
84407
8441
84448
84452
84459
84476
84577
84623
84709
8474
84753
8476
84766
84813
84817
84830
84871
84885
84927
8494
84944
84971
85000
85007
85014
85028
8510
85153
8516
85164
85184
85219
85269
85276
85296
85336
8534
85351
85355
85377
85405
85410
85430
85513
85516
85547
85550
85552
85572
85577
85609
85618
85657
8566
85694
85718
85722
85731
85754
85785
85802
85919
85933
85945
85966
86001
86020
86027
86054
86067
86071
86170
86183
86225
8624
86351
86380
86382
8648
86499
86539
8658
86594
86613
86614
8662
86665
86715
86735
8674
86759
86766
86782
86786
86803
86807
86829
8685
8687
86956
87018
87040
87071
87135
87157
87218
87231
8728
87300
87344
87373
87384
87399
87416
87471
875
87502
8751
87518
87557
87558
87572
87607
87612
87666
87723
8774
87742
87744
87753
8776
87761
87775
87806
87817
87819
87834
87872
87888
8796
88008
88095
88118
88135
88147
88152
88182
88187
88247
88257
88268
88276
88299
88311
88333
88371
88386
88449
8845
8849
88525
88578
88584
88612
88628
88667
88728
88827
88845
88911
88946
89035
89049
8905
89060
89064
89118
8913
89136
89147
89207
8922
89242
89268
89346
8935
8936
89366
8945
89459
8949
89539
89588
89598
89610
89674
89741
89758
8976
8977
8978
89858
89876
89878
9
90000
90036
90037
9007
9008
9018
90255
90269
90312
90330
90371
90393
90424
90477
90502
90518
90544
90563
90591
90655
90669
90672
90726
90749
90752
90833
90840
9091
90931
90935
90945
90995
91006
91025
91205
9121
9123
91233
91260
9131
91326
91369
9140
91406
91414
91425
91493
91518
9156
91567
91572
91584
9161
91610
9171
9173
91753
91775
91786
91795
91806
9183
91854
91868672c90f
9189
91896
91925
91944
91987
92
92029
92067
92097
92098
92125
92131
92176
92189
92207
92215
92238
92256
92275
92294
92314
9236
92363
92390
92401
92433
92474
92479
92515
92520
92522
92553
92625
92639
92654
92690
92728
92772
92777
92785
9279
92823
92826
92841
92887
92944
92969
92976
93002
9301
93051
93126
93141
93149
93201
93227
93262
93311
93323
93325
93344
93347
93354
93355
93409
9344
93476
93499
93507
93556
93558
93573
93584
93596
93636
93639
93682
93716
93731
93744
93796
93805
93816
93838
93856
93889
93897
938e1435b7ab776d
93924
9394
93951
93984
93998
94057
94063
94095
94176
94218
94231
94233
94263
94284
94330
94377
94432
94438
94472
94501
94538
94608
94644
94647
94650
94652
94662
94722
94727
94767
94794
9481
94813
94825
9483
94853
94945
94964
9500
95009
95022
95027
95038
95084
95086
95094
95099
951
95157
95178
95182
95188
95195
95214
9522
95239
95251
95254
95256794
95264
95357
95363
95421
95423
95429
95445
95474
9549
95615
95642
9565
95653
95677
95742
95757
95764
95765
95831
95833
95839
95867
95950
95951
9595ad1da793ff4f
95992
96008
96039
960423678
96065
9610
9613
96161
96177
96189
96190
96233
9628
96289
96290
96314
96344
96359
96395
96423
9651
96523
96525
96533
96541
96560
96575
9661
96646
96666
96742
96774
96858
96865
96911
96913
96968
96982
97017
9719
97245
97264
97272
97286
97308
9733
97345
97347
97366
97450
97499
97519
97645
97661
97739
97808
9781119085621
97841
97864
97881
9789
979c
98006
9808
98108
9811088
98118
98144
98155
98158
98162
9821
98216
9828
98282
98292
98308
9835
9841579
98435
98436
9845
98498
98509
98523
9855
98557
98589
98696
98712
98715
98723
98753
98794
98804
98816
98879
98996
98999
99026
9909
99102
99124
9914
99150
99197
99207
99230
99238
99264
9927
99285
99287
99303
99312
99417
99528
99533
99534
9959
99615
99623
99676
99686
9974
99775
99794
99804
99805
9982
99855
9989
9992
99921
99925
99957
99972
9CFamily
9D
a
A
a32b2d5d6ed6f739
aacap
AACAP
aaiusa
aaland
aalysha
aamodt
aapi
aapiheritage
aaron
aasen
aavik
aayla
abad
abasheva
abato
abbasov
abbate
abbe
abbott
abby
abc7news
abdul
abdur
abebe
abel
abelina
abell
abella
abeln
abelson
abercrombie
abernethy
abers
abeygunaratne
abeyta
abigail
abinsay
abiodun
abkarian
ables
abney
abo
abondano
aboulhosn
about
aboutcookies
abraham
abramson
abrego
abrell
abreu
abs
abstract
Abstract
abu
abuse
ac035ff5
acc
accessibility
account
acf
acra
action
active
actually
ad43
adaa
adam
adams
adan
adc
add
adderley
addicted
addiction
Addiction
addictioncenter
addison
additions
Addressingmentalhealthneedsofyoungchildren
adebimpe
adedeji
adekeye
adenia
adhd
adkins
adler
administration
adrian
adriana
adrianna
adrianne
adriel
adriene
adrienne
adris
adult
adults
advantages
advice
advocacy
advocate
aecf
AECF
aerts
afcars
affect
affection
affolter
afford
affrunti
after
against
age
ages
aging
agoraphobia
agostinelli
agostino
aguilar
agustin
agyenim
ahern
ahja
ahmad
ahylzabeth
aiello
aili
aimee
airtalk
aish
aisha
aiuto
aja
ajah
ajani
ajoku
ak
aKDjlG
akhtar
akinlana
akins
akron
akuamoah
al
ala
alabi
alameda
alamo
alamogordo
alan
alana
alanis
alanna
alayon
albans
albany
albers
albert
alberto
albin
alcala
alcantar
alcohol
alcoholic
alcoholism
aldan
aldemar
aldridge
alecia
aledo
alejandra
alejandro
alesia
aleta
aletha
alex
alexa
alexander
alexandra
alexandria
alexis
alfred
alger
alhambra
alia
alica
alice
alicegwalton
alicia
alin
alisa
alison
alissa
alive
alkhoury
all
alleman
allen
allentown
alley
allie
allison
allyson
alma
alper
alphin
alsc
alsip
alsobrook
alston
altamirano
alternative
alto
alton
altoona
altos
alvarez
alyce
alycia
alyna
alysann
alyse
alysia
alyson
alyssa
alyssia
alyxx
alzamora
am
ama
amal
amalie
aman
amanda
amarante
amaya
amazon
amber
ambler
amboy
ambs
amelia
amerault
america
american
americanhistory
americanprogress
AmericanPsychiatricAssociation
americans
amhca
amie
amoreena
amorim
amos
amrani
amsa
amsden
amy
an
ana
anacelia
anacker
anaheim
analyze
ananda
anastasia
ancquanetta
and
andale
andelle
anderson
andover
andra
andre
andrea
andreina
andreoni
andrew
andrews
andrina
android
androidcentral
andy
aneda
aNFFiQou4cMm
angel
angela
angeles
angelica
angelina
angeline
angelique
angelo
anger
angers
angie
angiuli
anissa
anita
anitta
anjana
ann
anna
annabella
annalisa
annamarie
annarino
anne
anneka
annelitwin
annemarie
annette
annie
anniesha
anntana
anonymous
anoushey
anselmo
anslie
anstadt
answer
answers
anthony
anti
antisocial
antoine
antoinette
anton
antonatos
antonio
anxiety
Anxiety
anxious
anyangwa
anyway
anzola
aos
AOvVaw00vsmSsCLpb
AOvVaw0Ur
AOvVaw1m0GaIH6H6b9ghO0RCvXcE
AOvVaw1v2mmUvMAO2UJaHtZx9aeE
AOvVaw3EcUEBcCxExMXgzJvyedD5
AOvVaw3GcGjfpgwk8o9jQaVxAzw2
apa
APA
apapracticecentral
apapsychiatric
APAPsychiatric
api
apis
app
appetite
apple
appleton
application
applications
appointments
approaches
apps
april
aprile
aquilato
ar
arab
arabamerica
arabamericanmuseum
arabamericanstories
araceli
araina
arapaho
araujo
arbor
arbulu
archdischild
archie
archive
archives
arcos
ardean
are
Are
areli
arens
arevalo
arghavani
arianna
ariel
arielle
arjona
arkaya
arkoff
arleatha
arlene
arlington
arlo
arlyn
armando
armstrong
arndt
arneaud
arnise
arnold
aron
aronson
around
arrow
arseneaux
art
arthur
article
Article
articles
artman
artrevisa
arts
artwell
artz
arvada
as
As
asap
asbury
ascherl
asd
ash
ashantia
ashay
asheville
ashland
ashlea
ashlei
ashley
ashling
ashly
ashlyn
asian
asianart
asianpacificheritage
asja
ask
askew
asking
askins
asp
aspca
aspe
aspx
assets
assinthe
association
at
atanga
atanmo
atayde
atchison
atherton
athias
athyn
atick
atidepe
atkinson
atlantic
ATOzOSNs7Bm9vBOtR
attachment
attack
attacks
attalie
Attention
atwood
au
aubrey
auburn
audni
audra
audrey
audubon
augusta
auguste
augustin
augustine
ault
aurora
austenfeld
auster
austin
auth
author
authority
autism
autumn
available
avasthi
ave
aversion
avery
avidor
avila
avis
aviva
avnieli
avoid
avon
avondale
avrahom
award
awards
away
ayala
ayers
ayotte
aysia
az
azalia
azle
azra
b
B00QD4DS9W
b01da63656caea5c
b17469b445f1
B1ada
babak
babins
back
Background
baez
bagwell
bahar
bailes
bailey
baillio
bain
baird
baittie
baker
bakersfield
balan
balash
balbuena
balch
balcones
baldwin
balestrery
balidio
ball
ballantyne
baltazar
bamberg
band
banes
bangert
bangor
bank
banks
banner
bantz
bar
barbara
barbieri
barboza
bargas
barger
bargersville
barnard
barnes
barnett
barney
barnhill
barone
barr
barraco
barragan
barre
barrientos
barrile
barringer
barrington
barrueto
barry
barsallo
bartholomew
bartlesville
barton
bartulis
barwick
barzilai
based
bash
basics
basquez
bass
bassett
bassewitz
bassham
bassi
batarse
bates
bath
bathroom
bathsheba
batiz
batten
battle
baublitz
bauer
baumann
baumgard
baumgardner
bautista
bay
bayard
bayer
bayonne
bazen
bbc
bbcthree
be
beach
beadell
beal
beall
beam
bear
beard
bearese
beasley
beatbabyblues
beato
beatrice
beatriz
beaty
beaudoin
beaumont
beaux
bebiak
beck
becker
becket
beckforsland
beckman
beckmann
beckstett
becky
become
becoming
bedford
bednar
bednarz
bedtke
bee
beebe
beech
beer
beerman
before
behavior
behavioral
behavioural
behind
being
bela
belfast
belinda
belk
belknap
bell
bellaire
bellani
bellar
belle
bellerose
bellevue
bellizzi
bellmawr
bello
bellows
bellwood
belmont
belonick
beltran
belvedere
bena
benakis
benbrook
bend
bender
benefit
benefits
beniquez
benita
benites
benitez
benjamin
bennett
bennington
benson
bentley
benton
berdeski
berendts
berg
berhan
berhow
berit
berkeley
berklee
berkley
berlin
berman
bermudez
bernadin
bernal
bernard
bernath
bernhardt
bernhardy
bernstein
berroa
berry
berryman
berthoud
berwyn
beryl
bessemer
bessie
best
beth
bethany
bethel
bethlehem
betsy
bette
better
betterhelp
BetterHelp
betterhelpcom
betterhelpcomreviews
betterhelporg
bettina
betts
betty
between
betz
beverly
bexley
beyer
beyond
beyondblue
bezerra
bezi
bhatt
bhrecaptchavthree
bianchi
bibbins
bibbs
bican
biddeford
bieber
bifone
big
biggers
biggins
biggs
bill
billie
bimpe
bingham
biniam
binnall
biondi
biphobia
bipoc
bipolar
birmingham
birr
birsen
biscoglio
bishop
bittner
black
blackburn
blackshear
blackwell
bladensburg
blain
blair
blaire
blake
blakeman
bland
blandina
blanton
blattman
blazek
bliss
bloch
bloemker
blog
blogs
blondin
bloomfield
bloomington
bludorn
blue
bluen
bluepearlllc
bluepearltherapy
bluepearltherapyllc
BluePearlTherapyLLC
bluffs
blume
bmj
board
boateng
boatwright
bobbi
bobbie
bobbitt
bobo
bochte
bode
body
boehne
boets
bogart
bogner
bogust
bohall
bolarinho
boles
bolton
bombing
bonappetour
bond
bone
bonilla
bonnici
bonnie
book
books
boone
bootstrap
booze
bordelon
bordner
bored
boredom
boring
boringbay
borkowski
born
borsum
bortniak
bosch
bostock
boston
botefuhr
both
bothell
bottari
bottrell
bou
bouffard
boughner
boulai
boulder
boundaries
bourne
bow
bowers
bowick
bowker
bowman
box
boxmeer
boyd
boyfriend
boykewich
boyle
boyne
boynton
boys
boza
bozung
brace
brad
braden
bradham
bradley
bradly
brady
brain
branch
brandalyn
brandelyn
brandes
brandie
brandis
brandon
brandy
branham
brant
brashear
brassea
brast
braxton
bray
break
breakdown
breakthrough
breakup
bren
brenda
brenna
brennan
brenneman
brent
brentwood
brett
brewer
brewington
brian
briana
brianna
brianne
briarcliff
brice
briceno
brickman
bridge
bridges
bridget
bridgett
bridgette
bridgeview
brief
brien
brier
brigham
bright
brighton
brin
brinkley
brinson
brisbane
brisnehan
bristol
bristow
britannica
british
britney
britt
brittain
brittani
brittanie
brittany
brittney
britton
broach
broadview
broberg
brochue
brochures
brock
brockhouse
brockton
brod
broderick
broken
brollini
bronaugh
bronson
bronx
brooke
brooker
brookfield
brooklawn
brooklyn
brookover
brooks
brooksi
brookside
broomfield
broschart
brossard
brouelette
brown
browning
brownridge
brownsburg
brozey
bruce
bruckelmeyer
brueske
brugman
brum
bruna
brunat
bruner
brunk
brunner
bruno
bruns
brunswick
bryan
bryanson
bryant
bryn
brynez
bryon
bsJ
bucher
buck
buckeye
buckingham
buckner
buda
buffalo
build
buildManifest
bullard
bullock
bullying
bumble
bumgarner
bunch
bunker
buntrock
burbank
burch
burcham
burchard
burchett
burdick
burdo
burgess
burget
burgett
burgos
burien
burke
burklow
burleson
burlingame
burlington
burnett
burnore
burnosky
burns
burroughs
burrowes
burrows
burton
burts
burwell
bury
bush
bushnell
businessinsider
bussell
bustle
busy
but
butcher
buteau
butler
butte
butterflies
buzzsprout
by
byas
byers
byline
byrd
byxbe
c
c262c86c44534d2e
C3
c4c9c3ce
ca
caballero
cabarles
cabbage
cabrera
cad
cada
cahill
cahue
caitlin
cajon
cala
calabasas
caldwell
caleb
calendar
calhoun
call
callahan
callaway
callender
callie
calloway
callozzo
cally
calm
calmclinic
calstate
caluya
calvento
calvert
camacho
camargo
cambridge
camden
cameo
camerer
cameron
camilla
camille
campbell
campos
campushealth
can
canadian
canady
canal
cancer
candace
candice
candida
candidates
candiss
candita
candley
candyce
canfield
cannelora
cannon
cannot
cano
cant
canton
cantu
canty
canute
cape
capecchi
capehart
capel
capici
capinjola
capitol
capitola
capone
capote
cappaert
capps
capri
caprisheus
cara
carbajal
carbary
carbo
carder
cardines
cardoso
care
careers
carefree
carel
caren
carey
caridad
carie
carilyn
caring
carisa
carissa
carl
carla
carleen
carley
carlisle
carlos
carlsbad
carlson
carlstadt
carly
carman
carmel
carmelpsychologicalassociates
carmen
carmichael
carnell
carnine
carol
carole
carolina
caroline
carolyn
carolynne
carpenter
carr
carra
carran
carrasquillo
carraway
carrell
carri
carrianne
carrie
carrigan
carroll
carrollton
carron
carskadon
carson
carter
carteret
cartwright
caruso
cary
casagrande
casanova
cascioli
casey
cash
casheba
cashell
casper
cassaday
cassandra
cassaundra
cassidy
cassie
castaneda
castellani
castellanos
castiglia
castillo
castle
castro
catalogna
caterina
cates
catherine
cathleen
cathy
catie
catrin
catrina
cauckwell
causes
cauthen
cave
cay
cb
cbslocal
cbt
CBT
ccl
cd
cdc
cdn
cdrnet
cecelia
cecilia
cedar
cedeno
ceglar
celebrate
celebrating
celeste
celestin
celia
celine
celosse
centennial
center
centered
cepparo
cerdas
cerkan
cerny
cerrito
cervantes
ceselie
cgi
chad
chai
chamberlain
chambers
chambless
champaign
chance
chancellor
chandler
chandra
chandre
chanell
chanelle
chang
change
changing
channel
chante
chantel
chao
chapel
chapman
Chapman
charesa
charged
charity
charlene
charles
charlotte
chase
chat
chatman
chatone
chauhan
chauncey
chavez
chavis
cheang
cheap
check
cheetara
cheetham
cheila
cheleotis
chelley
chelsea
chelsie
chen
cheney
cheri
cherie
chernow
chernyshov
cherrington
cherry
cheryl
chester
cheverly
chevy
cheyenne
chi
chianciola
chiani
chiara
chiariello
chicago
chicagotribune
chicoine
child
childbirth
childhood
children
childrens
childress
childs
Childs
childwelfare
chilton
chin
china
chinn
chinwe
chioma
chisato
chisholm
cho
choose
choosing
chorley
choy
chris
chrisshaundra
christa
christal
christavia
christensen
christi
christia
christian
christie
christina
christine
christopher
christopherson
christy
chronic
chrun
chu
chugwater
chukwudera
chula
chulani
chung
chunk
chunks
chupein
chyrissee
chyvonne
cicero
ciletti
cincinnati
cindi
cindy
cinnamon
cipriano
cisco
cislo
city
clair
claire
clapton
clara
clarice
clarita
clark
classical
Classical
claude
claudette
claudia
clawley
clawson
clay
claydouthit
clayton
clearviewwomenscenter
clearwater
cleary
cleaver
cleere
clegg
clement
clemmons
clemons
cleo
clermont
cleveland
clevelandclinic
client
clients
cliff
cliffs
cliffside
clifton
clinical
Clinical
clint
clinton
clonts
clontz
close
closure
cloud
clouse
clouser
clover
clyde
clymie
cmha
cn
cnbc
cnet
cnn
co
coaching
coakley
coble
coburn
cocchimiglio
cochran
cockrell
codependency
cody
coffey
coffin
coffing
coggan
cognitive
Cognitive
cohen
coiro
colardo
colbert
cole
colebrook
coleman
colette
coley
colleen
college
collegegrad
colleges
collette
colleyville
collingdale
collings
collingswood
collins
colma
colman
colmar
colonna
colony
colorado
colour
colton
colucci
columbine
columbo
columbus
colville
colvin
colwich
colwyn
com
combine
coming
comingore
comiskey
commerce
commercial
common
commonly
communication
community
communitylaw
company
comparison
compassion
compatibility
competency
complete
complex
comprehensive
compton
computer
comstock
con
concord
condition
conditioning
conditions
conf
confident
confidentiality
Confidentiality
confirms
confusing
congo
conklin
conly
connection
connections
conner
connie
connor
connors
conry
cons
conseillant
consequences
conshohocken
consider
considering
constance
cont
contact
content
contest
contests
context
contrib
contributions
contro
control
controversy
converse
conversion
cook
cookie
cookiepro
cookies
cooksey
cooley
cooper
coover
cope
copeland
coping
copingwith
coppell
cora
coral
corano
corazon
cordero
cordery
cordova
core
coreno
corey
corie
corina
corinne
corlew
cornelius
corneliussen
cornell
cornetta
coronado
coronavirus
corpus
correlia
corrieri
corrigan
corrin
corrina
corrine
corte
cortez
cortisol
cortney
cory
corynthia
cosey
cosmai
cosner
cospewicz
cost
costello
cotner
coto
cottage
cotton
cottone
couch
could
coulson
council
counseling
counselling
counselor
counselors
counterman
country
countryside
coupe
coupland
couple
couples
courses
courtland
courtney
cousar
couture
cove
cover
covid
Covid
covington
cowan
cowherd
cowles
cowley
cox
coy
coyle
cpp
craig
cramerton
crandall
cranford
crank
cratcha
craven
crawford
creedmoor
creek
creel
creen
cremins
crescent
crespin
crespo
crimmins
cripps
crisis
crisisservicescanada
crisistextline
crista
cristal
cristian
cristina
cristwell
critical
crixell
crockett
croft
crofutt
croney
crooks
crosley
crowder
crowe
crowley
crows
cruces
crum
cruz
crysta
crystal
csank
csp
csu
ct
cta
cuda
cudahy
cueto
culbert
cullen
cultural
culver
cumberland
cumming
cummings
cunningham
cupertino
cups
cure
cures
curious
curran
currey
currier
curry
curtis
curtisha
curtrice
custer
custidiano
cutler
cutrell
cuyan
cyburt
cyclothymia
cydney
cyndi
cynthia
cyr
cyrus
d
d728be64e5999cda
d9c14a0c
da
dabney
dacono
dadzie
dagley
dahl
dahlberg
dahlgren
dailyburn
dailymail
daisy
dale
dalena
daleshia
dallas
dalton
dalworthington
daly
damien
dan
dana
danage
danelle
danenberg
dang
dangers
dania
danica
daniel
daniela
danielle
daniellebrooker
daniellle
daniels
daniher
danna
danon
dante
dantus
daphne
darbandi
darby
darci
darcy
daren
darlene
darline
daroff
darrell
darren
darrisaw
data
daughtrey
dava
davachi
davenport
davia
david
davidson
davis
dawkins
dawn
dawson
day
dayna
days
dayton
dbh
dbt
dc
de
deal
dealing
dean
deana
deane
deanna
dearborn
death
deaver
debate
debbi
debbie
deblanc
deborah
debra
decarlis
decarolis
dechter
decision
decker
decrease
dedijer
dee
deedra
deena
deer
deerwendy
dees
deese
default
deficit
defining
definition
defour
degroot
degruy
dehaas
dehn
dehrey
deitra
deitz
deja
dejohn
del
delaine
delaney
delappe
delenny
deleon
delete
delforte
delgado
delia
delimont
delinda
dell
deloach
delossantos
delthea
demaray
demark
demartino
demers
demetria
deming
dempsey
den
dena
denavarra
denell
denette
denine
denise
denk
denna
dennis
dennisha
denson
denton
denver
denzler
depatie
depeiza
depressed
depression
Depression
depressions
depressive
depth
derby
derek
derosa
derr
derrick
des
desensitization
designed
desilva
desire
desiree
desk
deslynne
desoto
despite
destinee
detail
deto
detroit
dettman
deus
devaney
devaunier
develop
development
devenney
deveny
devils
devita
devlin
devon
devries
dewanda
dewitz
deyoung
dhaima
dhaliwal
diag
diagnose
diagnosis
diagnostics
diana
diane
dianiska
dianne
dias
diaz
dibella
dickinson
dickison
dickman
dickson
dictionary
diebel
diego
diegue
dier
dies
difference
differences
different
digital
dilaimi
dill
dillingham
dilworth
diminico
dina
dinah
dinges
dinunzio
dionne
disciscio
discover
discrimination
disease
diseases
diseree
disney
disorder
Disorder
disorders
disparities
disrupt
dissociation
distefano
distinction
district
dittmann
dix
dixon
dizon
do
dobb
dobbs
dock
docker
dockery
doctor
dodd
dodson
dodt
does
dog
doherty
doi
dol
dollard
dollinger
dolores
domestic
domingo
dominique
dominiquie
dominy
don
dona
donahue
donald
donathan
donna
donnie
donny
donohue
donovan
dont
donya
donzell
dopamine
Dopamine
dora
dorado
dore
doreen
dori
dorian
doriece
doris
dorothy
dorsey
dory
dos
doss
doster
dothager
dottin
doubleday
dougherty
douglas
douglass
douthit
dove
dover
dowell
downey
downum
doyle
dp
 DPO
dQkZOuHZuugJDG8PVicOs0syixmvbmnpBV1TWgZxNjAa5YZdDgPFLf21uDZCxNeXltHNUqiEQeRDjRgVwKMI60
dr
drake
drayton
drdrew
drew
dreyer
drinkwine
drinning
dripping
driving
drnataliefeinblatt
drrichardchambers
drucilla
drucker
drug
drugabuse
drugs
drukker
drum
dryer
dsm
DSM
DSM5ImpactChildSED
duane
duarte
dubin
dublin
dubner
dubois
dubose
dudley
duffy
duhart
duke
duncan
duncanville
dungan
dunlap
dunn
dunning
duntley
dupont
durand
durant
durdon
durham
during
durst
duzsa
dwayne
dwyer
dyana
dyann
dye
dynamic
dysheka
dyson
dzenana
dziuk
e
e0dec0957239
e10948
E2
e6ef9a0fa9e38d15
e7ed84b0029eaa4c
eabefa70391ae268
eaddy
eagle
eakle
eap
earley
earls
early
east
eastborough
easter
eastham
eastman
eastpointe
easy
eaton
eaves
ebanks
ebberup
eberts
ebneof
eboni
ebony
eccles
echo
echols
eckols
eclinm
economic
ecorse
eCounseling
ect
ed
eddie
eden
edgecliff
edgerly
edgewater
edi
edie
editorial
edmond
edmonds
edmondson
edmonston
edria
edu
educateyourself
education
educator
edward
edwards
eells
effect
effective
effectively
effects
Effects
efficacy
efrain
efrion
efuntomiwa
egbert
egesionu
egner
eide
eileen
eisenbeisz
eisenhart
eisman
EJ875397
eke
ekren
el
elaheh
elaijia
elaine
elder
elderly
eldred
election
elections
electroconvulsive
eleonora
elephant
elesho
elgin
eli
eliana
elias
elie
eligio
eliot
elisabeth
elise
elisha
eliso
elissa
elizabeth
elizario
elizondo
elk
elkins
ella
ellen
eller
ellice
ellie
ellingboe
elliot
elliott
ellis
ellison
ellwood
elman
elmendorf
elmwood
elnihum
elo
elrita
elsie
elton
elva
elwanda
elyse
elzey
em
embed
emdr
emerson
emert
emeryville
emil
emily
emmanuel
emmerita
emoke
emotion
employees
employment
empty
emran
en
enchelle
encinitas
encourage
ends
enevoldsen
engblom
engebretson
engle
englewood
english
English
enid
eno
enosburg
enough
enriquez
ensign
entitlement
entrepreneur
entry
enyidah
eop
ephraim
episode
epps
epstein
equality
eric
erica
erick
ericka
erickson
erie
erik
erika
erim
erin
erk
ernest
erskine
ertel
erwin
escobedo
escondido
esmeralda
esparza
esper
espinosa
espinoza
esposita
esrc
essex
estates
esteem
estefania
estela
estelle
estergall
esterling
esters
esther
estrogen
et
ethanasioss
ethel
etheridge
ethlyn
eubanks
eufemia
eugene
euless
eunice
euripides
eva
evaluation
evan
evans
evanston
evansville
eve
evelyn
evelynn
event
events
everett
everette
evergreen
everitt
everman
everydayhealth
everywhere
ewa
examples
exercise
exercises
expect
experience
experienced
expert
expertise
experts
explained
exploring
expressing
eye
eyehalik
ez
ezri
ezrimayr
f
f93
fa2e82dff8bf0e5c
fabii
fabrick
facchinei
face
facebook
facing
fact
factfiles
Factors
facts
Facts
fader
Fader
fadorsen
fagan
fagbuyi
faheda
fair
fairfax
fairmount
fairview
faith
faithful
faithfulcounseling
faizah
fakira
falaya
falcon
fall
falling
fallon
falls
fam
families
Families
family
famous
faneuff
fanny
fanucci
faq
farago
farah
fargnoli
farias
farley
farmer
farmers
farmington
farms
farrell
farrer
faryal
fast
fathers
fatima
fatuma
faust
faustman
favers
favourite
fawley
fayetteville
fb
feature
features
feder
federal
federico
feel
feeling
feelings
feely
feibel
feinblatt
felber
felder
felicia
felicitas
fenton
ferm
fermanian
fernandez
fernandina
fernando
ferndale
ferreira
ferrias
ferris
ferry
FFF
ficchi
fields
fierro
fight
figlet
figueroa
file
File
files
filian
filippi
filippo
finally
financial
finch
find
finder
finding
finds
fine
finley
finney
fiorillo
first
fischer
fisher
fishers
fiske
fister
fit
fitness
fitzgerald
fitzmaurice
fitzpatrick
five
Five
fl
flaherty
flanders
flash
flat
flatt
fleming
fletcher
flint
flintridge
flip
flocking
flooding
flora
floral
florence
flores
flowers
floyd
focused
foglia
folcroft
foley
folk
folkston
fong
fonseca
fontaine
food
foos
foote
for
forbes
ford
forde
forer
forest
foresta
foresteen
forester
forever
forfa
forgot
formaker
forney
forrey
forsyth
fort
forward
foss
fossen
foster
fotovich
fountain
four
fowee
fowler
fox
foxfield
foxnews
foy
fpsyg
fpsyt
FPUBH
frakt
framework
framing
france
frances
francesca
francesco
francia
francine
francis
francisco
franco
francom
franey
franga
frank
frankel
frankie
franklin
franks
fraser
frazier
frechette
fred
frederica
frederick
fredrick
freeman
freige
freitas
fremont
fresno
Freud
frey
friedentag
friedman
friend
friendships
friendswood
friendsyapp
frietsch
fritsch
fritzsche
from
frontiersin
froogh
frueh
fruge
fruhling
fry
frye
fuchs
fuente
fugedi
fuhs
fukino
full
fullarticle
fulltext
fulton
fults
functional
funnel
fuqua
furdek
furini
furlong
ga
gabehart
gabelman
gabriel
gabriela
gabriella
gabrielle
gad
gadd
gaffney
gagliardi
gahagan
gahanna
gail
gain
gaines
gaining
galaif
gale
galena
galinanes
gallagher
gallegos
galleries
gallery
gallivan
gallo
gallop
gallup
gallus
galyen
gamble
gamby
game
games
gaming
Gaming
gandolfo
ganginis
gans
gantt
garavaglia
garceau
garcia
garden
gardena
gardens
gardiner
gardner
garfield
garland
garnett
garnier
garrett
garrison
garrubba
garufi
gary
garzaglass
gasser
gastonia
gatch
gate
gates
gatos
gaughan
gaumer
gaunt
gavriele
gay
gayle
gazette
gb
geel
geidner
gelfand
geller
gemar
gender
gene
genee
general
generalized
genetic
geneus
genever
genevieve
genna
genovese
gentry
geoffrey
george
georges
georgetown
georgette
georgina
geragos
geraldine
geralyn
gerard
gerber
gering
germain
germany
gershfeld
gerson
gestalt
get
Get
gethelpnow
getting
gettingbetter
ghali
ghannam
ghilarducci
ghita
ghobrial
ghr
giangrande
giannantonio
giannavola
giba
gibbons
gibbs
gibson
gichemi
gidai
gidget
gier
giffin
gifford
gift
gil
gilbert
gilberto
gildner
giles
gililland
gillani
gillard
gillems
gillette
gilley
gilliams
gilmore
gilroy
gina
ginanni
ginger
ginnetty
giordano
giovanna
giovanni
giovannini
girardin
girls
giurleo
give
givens
gl
glabicky
glace
gladieux
gladys
glass
glasscock
glathar
gleason
gleitsman
glen
glenarden
glenda
glendale
glenn
glenny
glenolden
glenroy
glenwood
gloria
gloucester
glynn
goals
godbold
goddard
godefroy
godinez
godoy
going
gold
goldberg
golden
goldman
goldsmith
goldurs
golightly
gollick
gongwer
gonyer
gonzales
gonzalez
goo
good
gooden
goodey
goodkind
goodman
goodmenproject
goodrich
goodwin
goodyear
google
gordon
gorman
gormley
gotinder
gottlieb
gottman
gov
govier
goyco
gozder
gps
grace
graciela
graduate
gradzikiewicz
graeser
graham
granada
grand
granda
grandview
grange
granite
grant
grantham
grapevine
gravell
graves
gray
great
greatergood
greathouse
greatist
greaves
greeley
green
greenberg
greenblatt
greene
greenleaf
greensboro
greenville
greenwald
greenwell
greenwood
greer
greg
greggains
gregorian
gregory
gressem
greta
gretchen
gretna
grewal
grey
grief
griesheimer
griffin
griffith
grijalva
grimm
grimshaw
grissom
grochowski
groomes
gross
grosse
group
grove
groveport
grover
groves
growcock
growth
gruber
grudowski
gruenwald
gruhot
grundtner
gruskin
gryder
gryniewich
grzech
guadalupe
guajardo
guarnaccia
guddemi
guden
guernsey
guerrero
guest
guide
Guide
guideline
guidelines
guides
guilbeault
guilt
guity
gulay
gumm
gunderson
gunzburg
gurmay
gustin
Gut
guterman
gutierrez
gutman
guttenberg
guy
guyton
gwenda
gwendolyn
h
h5
haag
hackey
hackler
haddock
haddon
haddonfield
hadie
haentjens
haessly
haesue
hafley
haftel
hagans
hagarman
hagedorn
hager
haggard
haggerty
hagin
hailey
hailley
haines
haitian
halbert
hale
hales
haley
half
halihan
hall
halla
hallock
hallowell
hally
halpern
halseth
halstead
haltom
hamas
hamburger
hamilton
hammon
hammond
hammonds
hamoui
hampton
hamtramck
hand
hands
handy
haney
hanig
hankerson
hanley
hanna
hannah
hannam
hansen
hanson
happiness
happn
happy
hard
hardesty
hardin
hardy
hare
hargis
harless
harm
harmolin
harmon
harms
harout
harper
harral
harriett
harrigan
harris
harrisburg
harrison
harry
hart
hartfield
hartman
hartville
hartzog
harvard
harvey
harville
hasan
hash
haslet
hassert
hastings
hatboro
hatch
hatchett
hathaway
hatter
hauck
haudenschield
haughey
haute
have
haverhill
hawkins
haworth
hawthorne
hayes
haynes
hays
haysville
haywood
hazel
hazlewood
hdfsrsuht
he
head
headley
heagney
healey
health
healthcare
Healthier
healthline
healthtestingcenters
healthy
healthychildren
heart
heath
heather
hebron
hedwig
heeren
heffren
hefren
heidi
heights
heiner
heise
heister
held
helen
helena
helfer
helise
helland
heller
hellman
hellogiggles
helm
helotes
help
Help
helpcenter
helped
helpguide
helping
helplessness
helpline
helplinechat
helps
hemby
henderson
hendrix
henley
hennen
hennis
henriquez
henry
henson
here
heredia
heres
heritage
hermosa
hernandez
herndon
hero
herrera
herrmann
hershel
hertz
herwig
herzog
hess
hester
hetherington
heubel
heuser
heuvelman
hewitt
hhs
hi
hialeah
hickey
hickman
hickory
hicks
hidden
higgins
high
highdesertcounseling
highland
higley
hilary
hilbig
hilda
hilgert
hill
hillary
hillberry
hiller
hilliard
hillman
hills
hillsborough
hilp
hilshire
hilson
him
hinds
hines
hinkle
hinojosa
hinson
hipp
hire
hiroko
hirte
hirtzel
his
histories
history
historyculture
hitchcock
hl
hms
ho
hoboken
hobson
hochbaum
hockenberry
hodges
hodgkins
hodgson
hoff
hoffman
hogan
hogg
holbrook
holcomb
hold
holder
holdway
holistic
holland
holler
holley
holliday
hollister
hollon
hollowell
holly
hollywood
holm
holman
holmes
holt
holub
holzheimer
homan
home
homecroft
homeland
hometown
homework
homophobia
homrighaus
honaker
honarmand
honig
honor
hood
hooker
hope
hopf
hopkins
hopkinsmedicine
horgan
horizon
hormonal
hormone
hormones
horn
horne
horowitz
horton
hosbein
hoss
hotta
hottenstein
hotzehwc
hounsom
houston
houvouras
how
howard
howe
howell
howerton
hoyt
hoyte
hrezo
hs
htm
html
http
https
httpsredir
hu
huang
hubacker
hubbard
huber
hubnik
hudson
huerta
huertas
huff
huffingtonpost
huffpost
huffstatler
hughes
hughett
hughley
hugs
huguenot
huichapan
hulbin
hulen
hulett
huling
hull
hulmeville
humiston
hummelt
humphery
humphrey
humphries
hung
hunt
hunter
hunters
huntersville
huntington
huntoon
hunts
hurd
hurley
hurst
hurts
husain
hutchins
hutchinson
hutchison
hutto
hyattsville
hyde
hyea
hyland
hyperactivity
hysten
i
ia
iacovone
ian
iannuzzi
ibarra
ibpf
ibraheem
icaad
iceberg
id
identifying
IDRHxB
iea
iep
iesha
if
iffrig
igbani
ignacio
igo
ii
IJw3mgZ5QNw
ikeh
il
ilana
ileana
ilich
illness
ilona
im
image
imagery
images
iman
imari
imbalance
imig
immediate
immigration
impact
impacts
impakter
imperial
importance
important
improve
improving
in
In
ina
inc
increase
increases
inda
index
indian
indianapolis
individuals
indya
ines
infidelity
inflation
information
inglewood
ingrid
iniguez
initial
injury
inkster
inline
innocent
innocenzi
inselman
insider
inskeep
instagram
institute
int
interested
interlachen
international
internet
Internet
interview
intimate
intolerance
intriguing
Introduction
introspection
involves
io
ionela
iordan
iphone
irene
iris
irma
irons
irvin
irvine
irving
irwin
is
isaac
isaacson
isabel
ishak
isla
island
islander
ismho
isnt
issaquah
issues
it
item
its
ivan
ivana
ive
ivie
ivison
ivyland
iwona
izabela
j
jacinto
jack
jackelyn
jacklyn
jackman
jackson
jacksonville
jaclyn
jacobs
jacobsen
jacobson
jacquelan
jacqueline
jacqui
jada
jade
jaffa
jagannath
jahn
jaime
jaimenys
jakachira
jakia
jakopovic
jakstis
jamanetwork
jamapsychiatry
james
jamett
jamie
jamila
jamison
jamye
jan
jana
jane
janee
janelle
janet
janetta
janice
janie
janki
jankura
jannedra
jannell
jannet
janowski
jaques
jared
jaril
jarod
jaronda
jarvis
jasmine
jasmyn
jason
jaster
jastermsky
jatel
javai
javascript
jay
jayme
jaymon
jaynes
jazmin
jean
jeanette
jeanie
jeanna
jeanne
jeannette
jeannie
jeannina
jeannine
jebelian
jebril
jech
jeff
jeffersonville
jeffery
jeffrey
jen
jena
jendaya
jenell
jenelle
jenerette
jenesis
jeneva
jeni
jenifer
jenkins
jenkintown
jenna
jenni
jennie
jennifer
jennings
jenny
jensen
jeremy
jerimar
jerome
jerrie
jerry
jersey
jesenia
jess
jesse
jessen
jessi
jessica
jessie
jesus
jeters
jewell
jhaismen
jill
jillessa
jillian
jim
jimenez
jina
jmir
jo
joan
joanette
joann
joanna
joanne
job
jobs
joby
jocelyn
joden
jodi
jody
joe
joelle
johanna
john
johnathan
johnny
johns
johnson
johnston
johnstown
joice
joie
jolene
joliet
jonathan
jones
jonestown
joni
jordan
jorge
jorgensen
jorie
jose
joselin
joseph
josephine
josey
joshua
joslin
joslyn
joubert
jouffray
journal
journalCode
journals
joy
joyce
joye
jpg
jquery
jr
js
jstor
jstz
juan
juanangeltherapy
juarez
judd
jude
judi
judith
judkins
judson
judy
jule
julia
juliana
julianne
julie
juliette
juline
julissa
jump
junction
june
jungnitsch
jurica
just
justian
justice
justin
justina
justine
juwell
jxLuK57oAgFoCvK26VsOZW2v7
k
kabasela
kabat
kabrin
kachanda
kadela
kady
kaelin
kahlenbeck
kaise
kaitlin
kaitlyn
kaja
kaleb
kaliher
kalisa
kalisha
kalman
kamala
kamara
kamari
kamaria
kammersgard
kandace
kandice
kane
kannapolis
kansas
kaplan
kappeler
kapral
kara
karabeth
karabin
kardanow
karen
karger
kari
karimbeik
karin
karina
karissa
karl
karla
karman
karr
karyl
karyn
kasey
kasky
kassandra
kassie
kassondra
kate
katelyn
katharine
katherine
kathleen
kathlyn
kathrina
kathryn
kathuria
kathy
kati
katie
katina
katrina
katy
katz
kauffman
kaufman
kay
kayin
kayla
kazee
kazi
keane
keansburg
kearley
kearney
kearny
keating
kechi
kee
keel
keen
keenan
keenen
keep
kees
kehn
keim
keino
keionna
keiquantyana
keisha
keith
keklak
keli
kelisha
kelleher
keller
kelley
kelli
kellie
kelly
kellyanne
kelsey
kelyn
kemp
kempfert
kempner
ken
kendall
kendra
kendrah
kenethia
kenisha
kenlo
kenmore
kenna
kennard
kennedale
kennedy
kenneth
kennia
kensington
kent
kentaya
kenya
kenyon
keonsha
kepley
keppeler
kept
keri
kerline
kern
kerri
kerrin
kerry
kersey
kertzner
kerwin
kessel
kessler
keturah
kevin
key
keystone
khan
khanna
khara
khatibloo
khayah
kheir
khem
kiana
kiara
kicic
kidian
kiefaber
kieny
kierkega
kiernon
kierra
kiger
kilgore
killen
kim
kimball
kimberlee
kimberley
kimberly
kimnetta
kinds
kindt
king
kings
kingsland
kingsley
kinzley
kippe
kiran
kirby
kircher
kirk
kirkindoff
kirkland
kirkman
kirksey
kirsten
kirstie
kirtsey
kiser
kitchen
kite
kittleman
kizziah
klein
klemkosky
kliment
kline
klund
kluss
knabel
knapp
knecht
kneupper
knight
knighten
knoeller
knott
know
knowing
knutson
koe
koehn
koethke
kohfield
kohl
kohlenhoefer
kolde
kolleen
kolton
komay
kona
konen
konnor
korbi
kori
korth
kosche
koski
kotila
kotyuk
kouri
kousoulis
kovac
kovalik
kozaczka
kozarian
kraemer
krakauskas
kral
kranz
kraytem
kretzmer
krick
krieger
kriley
kris
kriss
krista
kristal
kristen
kristi
kristian
kristiane
kristilee
kristin
kristina
Kristina
kristine
kristle
kristy
kristyn
krompecher
krueger
krug
krumholz
krumrie
krystal
krystlynn
ks
ksanti
kSLUR
kuchinski
kuczinski
kuehn
kuemmerle
kuhn
kuik
kuipers
kujawa
kulp
kumi
kunisch
kunmann
kuster
kutner
ky
kyle
kylie
kym
kynan
kyrie
l
la
laabs
lab
lacey
lachelle
laci
lack
laconia
lacourtney
lacroix
lactose
lacy
ladd
ladere
ladonna
lae
lafayette
lafreniere
lafriniere
lagattuta
lago
lagrone
lai
laid
laird
lake
lakeisha
lakeside
lakeway
lakewood
lakeytha
lakisha
lakritz
lalic
lalugba
laman
lamar
lamb
lambert
lammers
lampkins
lampman
lancaster
lance
lancet
land
lander
landes
landmark
landover
landry
lane
lanee
langley
language
Language
languages
Languages
lannie
lanre
lansdowne
lansing
lanz
lanza
lanzo
laporta
lapp
laqeishia
laquesia
lara
laramie
larcetta
larcher
laredo
laribee
larkspur
larreta
larry
larson
las
lashawn
lashelle
lashon
last
lasting
latanya
latarsha
latasha
lataya
lateasa
latham
lathrup
lathy
latin
latitia
latorre
latoya
latrice
lauderdale
laura
laurel
lauren
lauri
laurie
lautenbach
lavarez
laverdiere
laverna
laverne
lavinson
lavon
lavonne
lavonya
lawn
lawndale
lawrence
lawson
lawtey
lawton
layne
layoff
lazane
lcpc
lcsw
le
lea
leach
leader
leading
leah
leal
leander
leandro
leanna
leap
learie
learn
learned
learning
leary
leatrice
leave
leavenworth
lebanon
lebeau
lechner
lechnyr
lechwar
ledesma
lee
leeann
leedey
leenman
lees
leesa
legassick
leger
legit
lehew
lehmann
lehr
lei
leigh
lein
leiva
leja
lela
leland
lemler
lemon
lemons
lenexa
lengsfelder
lenka
lenny
lenoir
lenore
lentz
leon
leonard
leonardo
leonards
leone
leonel
leonia
leora
lerner
leroy
les
lesage
lescard
leshara
lesley
lesli
leslie
less
leticeia
leticia
levenson
leventhal
levesque
levin
levinson
levitan
levy
lewallen
lewis
lewiston
lewisville
leydi
li
lia
libba
libby
liberal
library
license
licensed
licensing
lieberman
lien
lierle
liesal
life
lifehacker
lifeline
lifestyle
lifetime
lige
light
liliana
lillian
lilly
lily
lilyvette
limuel
lin
lincoln
lincolns
lind
linda
linde
lindeman
lindemann
linden
lindsay
lindsey
lindsy
line
linear
lineberry
lingle
lininger
link
linked
linkedin
linlee
linnette
linton
lipulse
lisa
lisojo
list
listen
listening
listings
litchfield
lithopolis
little
littleton
litzsey
live
livescience
living
livingston
livonia
liza
lizak
lizelle
llamanos
lleras
llewellyn
llora
lloyd
lmft
lmsw
lo
loar
local
locascio
lochbuie
lockard
lockbourne
locklear
locust
loeffler
loftis
logan
loggedout
loggins
login
lohrey
loire
lois
lola
lolita
lombard
lombardi
lomita
lone
loneliness
lonely
long
longbrake
longoria
lonnie
look
looking
lopez
lopik
lora
lorain
loren
lorena
lorenzen
loretta
lori
lorraine
lorri
lory
los
loss
louis
louise
louisville
lourdes
lourna
lovaas
love
Love
loveland
low
lowe
lowell
lower
lozad
lozoya
lpc
luana
luanne
lubbock
luca
lucas
lucie
lucinda
lucretia
lucy
ludwig
luellen
luis
lukz
lumbatis
lumley
lund
luqman
lusa
lustbader
luther
luttrell
lutts
luu
luz
lychene
lydia
lyew
lyman
lynch
lynda
lyndonville
lyndsy
lynette
lynn
lynne
lynnwood
lynor
lynwood
lyons
lyric
LzuAhWlL30KHdykBrEQFjABegQICRAC
LzuAhXUOn0KHZDDA7gQFjABegQICRAC
m
ma
maaza
mac
macaraeg
macclenny
macdonald
machado
macharg
machlowski
macias
maciaszek
mack
mackel
mackenzie
mackey
mackiewicz
mackinshill
macleod
madden
maddox
madeline
madelyn
madera
madeson
madison
madre
madsen
magana
magazine
magdalena
magen
maggie
maguire
magy
maher
maheu
mahsa
mailto
main
maine
Maintenance
maiolo
maize
majeed
majesty
major
majors
makadia
make
makes
mala
malachi
malden
maldonado
malek
malia
malikah
maliszewski
malkin
malkoff
mallory
mallow
malone
malott
man
manage
management
managing
manchester
mandi
mandy
mangum
manhattan
manic
manigault
maniscalco
manisha
manko
manley
manlywellness
mann
manning
manor
manuel
manus
Many
manyango
manzie
mapes
maps
mar
mara
marano
marasco
marble
marcela
marcella
marchal
marcia
marcie
marcos
marcotte
marcus
marcy
marek
marez
margaret
margarete
margaretta
margo
margolin
margosian
margot
marguerite
mari
maria
mariah
marian
mariana
maricopa
marie
marielle
marihelena
marilee
marilyn
marimar
marina
marinkovic
marino
mario
marion
marisa
marisol
marissa
marjorie
mark
markelle
markey
markham
markle
marksbury
markus
markyse
marla
marlene
marlieb
marlo
marni
maroney
maroon
marqueling
marquez
marquit
marriage
marrs
marsh
marsha
marshall
marshawna
marshella
marshfield
marta
martell
martha
martin
martinez
martini
martino
martins
marty
marva
marvel
marvelyn
marvin
mary
maryann
marybel
marye
marylou
marys
maselli
masha
mason
masso
master
mate
mateo
mateus
mathew
mathis
matlen
matney
matos
matsushima
matt
matters
matthew
matthews
mattiazzi
mattie
maturo
mauclair
maudjah
maura
maureen
maurer
maurice
mauro
mawusi
maxi
maximilian
maxwell
may
mayback
mayer
mayes
mayle
maynard
mayo
mayoclinic
mayra
maysun
maywood
mazy
mburu
mcadenville
mcarthur
mcbrearty
mcbride
mccain
mccall
mccandlish
mccann
mccants
mccarley
mccarron
mccarthy
mccauley
mcclain
mcclarren
mcclelland
mcclendon
mccloud
mcclure
mccollum
mccolm
mccommons
mccook
mccown
mccoy
mccrary
mccray
mccready
mccrone
mccubbin
mccullough
mccune
mccurdy
mcdaid
mcdermott
mcdonald
mcdonough
mcdougal
mcdougall
mcdowell
mcelroy
mcelveen
mcfadden
mcfan
mcfarland
mcgehee
mcgill
mcgowan
mcgrath
mcgraw
mcguinness
mcguire
mcintosh
mcintyre
mckay
mckee
mckensie
mckenzie
mckibben
mckillop
mckinley
mckinney
mckinnie
mckinnon
mclain
mclaughlin
mclellan
mclemore
mclendon
mcmillan
mcmillon
mcmurray
mcnally
mcneil
mcnulty
mcrae
md
Md
me
meacham
mead
meador
meadows
meagan
meaghan
mealika
mean
meaning
meaningful
meanings
means
medblog
medford
media
Media
medical
medicalnewstoday
medication
medicinenet
medicines
medina
meditation
medium
medlock
mee
meetup
mefford
meg
megan
meghan
meghann
mehle
mehn
meisner
meister
mejia
melanie
melatonin
melech
melhart
melida
melinda
melisa
melissa
melody
melrose
melton
melugin
melva
melvindale
memory
men
menachem
mendoza
mendy
mengisteab
menke
menlo
mens
mensjournal
mental
mentalhealth
mentalhealtham
mentalhealthamerica
mentalization
mentally
meotti
mercado
mercer
merchant
merchantville
mercier
meredith
merhaut
meridian
merissa
merlena
merna
merredith
merrell
merriam
merrionette
merritt
mery
mesa
mesilla
mesquite
messaging
messina
messing
methe
metheny
methods
methuen
metogho
metzger
meyer
meyerberg
meyers
meza
mezen
mezza
mhanational
mhealth
MHSI
mi
mia
miami
mica
michael
michaela
michalakis
michan
michel
michele
michell
michelle
michnya
michuda
micki
miclon
middle
middlewareManifest
midland
midwest
mifsud
migdalia
might
mignon
miguel
mika
mikael
mikkola
milano
milas
miles
military
mill
millbourne
millbrae
miller
millhench
milliken
mills
milner
milosky
milpitas
mimi
min
minagar
mind
mindfulmontanawellness
mindfulness
mindset
mindy
mineral
minerva
minick
minnella
minor
minority
mint
minter
mirabella
mirabito
mirage
miranda
mirasola
mireles
miret
miriam
mirna
mirta
miscaline
mishel
missouri
missy
mister
misterka
mistie
misty
misuse
mitch
mitchell
mitchica
mitobe
miya
mlynarczyk
mn
mo
mobeetie
mobihealthnews
mobile
mobley
moczygemba
mod
modelewski
moges
mohammad
moll
molly
moltzer
mombay
mona
mondragon
monds
money
monge
monica
monika
monique
monisha
monitor
monk
monroe
monsey
montalvo
monte
montebello
monterey
montgomery
month
montierth
montpelier
montrose
mood
moody
moon
moonachie
moore
mooresville
mora
moraga
morales
moran
more
moree
morelix
moreno
moretti
morgan
morgans
moriarty
morley
morris
morrison
morrissey
morrisville
morritt
morton
moser
moses
mosindi
moss
mossa
most
MOST
mother
motherboard
mothers
motives
mott
moulton
moultrie
mound
mounika
mount
mountain
mountlake
mouser
mouti
mouton
move
movement
Movement
moving
moyse
ms
mt
much
mueller
muhammad
muklewicz
mukoro
muldrow
mullen
mullins
mulvane
muncie
muneerah
muniz
munoz
munsch
mupandawana
murchison
muriel
murillo
murphy
murrah
murray
musial
muskogee
mustang
mutual
muyiwa
muzorewa
my
myers
myoung
myrna
myron
n
na
naadac
naatz
nabeel
nacbt
nadaniel
nadia
nadie
nadine
nadirah
nadja
naemmy
naginewicz
nagy
nahi
nahunta
naimah
najar
nakia
nami
namrata
nance
nancilee
nancy
nanna
nanton
naomi
naperville
napiorkowski
napoli
nappi
narberth
narcissist
narcissistic
nash
nass
nassau
nat
natalie
nataly
natarajan
natasha
nate
nathalie
nathaly
nathan
national
nationaleatingdisorders
natural
naturally
nau
nava
navarro
navin
nawal
nawshaba
nazeer
nbcnews
nbcrightnow
nber
NBK327674
NBK554387
nc
ncbi
nccih
ncna811166
ncoa
ncsl
nd
ne
neal
neapolitan
near
nearly
nebel
necessary
neck
nedland
neeb
need
needed
needleman
neeltje
nehra
neighborhood
neil
neill
nekeshia
nell
nelly
nelms
nelson
nemez
nemoga
nemons
neola
neptune
nerine
nest
net
netland
netta
nettles
network
neufeld
neukomm
neurauter
neuroscienceresearch
neutral
never
new
newamerica
newark
newbury
newburyport
newcastle
newell
newman
newport
news
newsletter
newsweek
newton
next
nezhni
ng
ngeh
ngo
ngozi
nguyen
nh
nhlbi
nhs
niaaa
nibley
nichelle
nicholas
nichole
nichols
nicholson
nick
nickisha
nickolas
nicolas
nicole
nicolle
nidcd
niederwald
nieesha
nielly
nielsen
nieman
niemela
niemetta
niesha
nieto
nieves
nih
nikki
nikolous
nikolsky
nimer
nimh
nimhgov
nina
ningqi
nirenberg
nirmala
nishimoto
nixon
nj
nlm
nm
no
nochez
noday
noel
noelani
noell
noelle
nogaye
noguera
nolasco
nompone
Non
nora
noralyn
noredirect
norfolk
norm
norma
norman
norona
norrell
norris
nort
north
northglenn
norton
norwood
not
notes
noto
novak
now
nowak
nowlin
noyes
npr
nps
NSDUH
nt
nu
nuenke
numbers
nunamaker
nunez
nunn
nurkin
nurseslabs
nv
nwabugwu
ny
nyakana
nydia
nyela
nyman
nytes
nytimes
nzerue
o
oak
oakenshield
oakland
oakley
oaklyn
oaks
obamawhitehouse
oberle
oberndorf
obetz
obi
obioha
obrien
obryant
obsession
obstacles
oC17LUCxmPki
ocd
ocduk
oceanside
ochsner
oconnell
octavia
odom
odometer
oelze
oesch
of
off
office
ogas
ogle
ogunade
oh
ohannessian
ohare
ok
okcupid
okechukwu
oklahoma
okolie
okose
olabisi
olachea
olaciregui
olan
olanrewaju
olathe
old
olden
older
oldham
olena
oleshansky
olexa
olivares
oliveira
oliver
olivera
olivia
olivier
olmos
oluwatoyin
omaha
omega
on
ona
one
onessa
online
Online
onlinelibrary
opfer
opinion
oplinger
oppenlander
opt
optimism
options
or
oral
orange
orevba
org
origin
orinda
orlando
orleans
orlee
orly
orndoff
orns
orona
orr
ortega
ortiz
ortolano
osborne
osby
osgood
osler
ostin
oteri
other
others
othniel
otimbum
otSDKStub
ott
otto
otton
ouellette
our
out
outcomes
outlaw
outofhome
ouza
over
overcome
overcoming
overland
overview
Overview1
overwhelmed
oviedo
owen
owens
own
oxfordtreatment
oxman
oyeyemi
ozcan
ozuna
p
P
pa
pablo
pac
pacific
pacifica
pacini
pack
packer
padget
padilla
padron
page
pages
Pages
pagewise
paid
pak
palacios
palatka
palestine
palisades
palladino
pallas
palmer
palmira
palmyra
palo
palos
pam
pambianchi
pamela
pandemic
panic
pantego
paoli
papas
papers
papillion
pappas
paradise
paradysz
parbatie
pardi
pardo
pareja
parent
parental
parenti
parenting
parisi
park
parker
parkinson
Parkinsons
parks
parma
parra
parramore
parry
Part
partain
partner
partywith
pasadena
pasapane
pascall
paseos
paskadi
pasley
paso
passmore
passoff
past
pat
pataskala
pate
patel
paternal
paternity
pathway
patients
patrice
patricia
patrick
patterns
patterson
patti
pattillo
pattison
patton
paul
paula
paulbeck
paulette
pauley
paulomi
paulos
paulucci
pavone
pawelkoski
payne
payton
pazos
pbs
pcmag
pdf
pdfs
peabody
pearland
pearman
pearson
peaslee
pec
pecan
pechek
peck
pecoraro
pedevillano
pedro
peebles
peel
peers
peggy
pei
pelican
pembroke
pena
pendelbury
pender
penelope
pennachio
penney
penntoday
penny
penshorn
pentz
people
peoples
peoria
pepin
pepper
perales
perata
percival
percy
perdomo
perdun
perea
perez
perfetti
perinatal
peringer
periods
perkins
permenter
pernsteiner
pero
perrone
perry
perryman
persinger
persistent
person
personality
perspective
perspectives
perth
peruzzi
pescador
peskin
pesso
pet
peter
peters
petersburg
petersen
peterson
petkovski
petra
petrak
pettaway
pettiford
pettway
petty
pewresearch
pfeffer
pfeifer
pflaumer
pflugerville
phail
pham
phelan
phelps
phen
phenney
philadelphia
philicia
philip
phillip
phillips
phipps
phobias
phoenix
phone
php
phrase
phyllis
physical
pi
piccerelli
piccolomini
pickering
pickerington
pickett
pico
pieam
piedmont
piekarz
pierce
pierre
pierson
pii
PIIS0140
PIIS2589
pilar
pillers
pimentel
pinder
pine
pinero
pines
pineville
piney
pins
pinsker
pinterest
pipes
pitek
pitre
pitt
pittsburgh
pizarro
place
plain
plaine
plaines
plainfield
plaisance
plano
plante
platform
platforms
platonic
platt
platte
plattsmouth
plaza
pleasant
pleasure
pledger
plesz
plimpton
plos
plosone
plumb
plus
pmc
PMC2169321
PMC2633867
PMC2669224
PMC2786903
PMC2792935
PMC2848393
PMC2921311
PMC3056281
PMC3109493
PMC3225130
PMC3247620
PMC3410123
PMC3584580
PMC3619732
PMC3939973
PMC4039194
PMC4125602
PMC4160431
PMC4378297
PMC4578656
PMC4608244
PMC4695242
PMC4771536
PMC4772033
PMC4782437
PMC4844478
PMC4987042
PMC5003636
PMC5061320
PMC5421393
PMC5494581
PMC5498791
PMC5509639
PMC5579396
PMC5659300
PMC5797481
PMC5904786
PMC5987853
PMC6137615
PMC6364202
PMC6927748
PMC8413682
poaches
pocket
podcast
podsaid
poehlman
poff
point
pointe
points
poley
policy
poling
politics
polizzo
pollack
pollard
pollock
polyfills
pompei
pompey
pone
ponton
pop
popal
popperjs
popular
popularity
port
porte
porter
portia
portillo
portland
portlock
portman
portola
portsmouth
posey
positive
possible
post
postcard
postier
poston
postpartum
postpartumdepression
posts
potter
potts
potwin
poucher
poulson
poway
powell
power
powerpuff
powers
practical
practice
Practice
practicing
prado
prairie
pranno
pratt
precautions
precious
predictors
predmore
prefilter
pregnancy
prepare
prescribing
presents
press
presti
presume
preuss
prevalent
Prevention
preziosi
price
pride
pridecounseling
prier
priest
prikhodko
primm
prince
principles
printz
prisbe
priscilla
privacy
prnewswire
problems
procedures
processing
professional
professionalism
programs
prokopenko
propst
pros
prosniewski
prospere
protect
protopsaltis
proven
providers
pruden
prudence
pruitt
prunier
pruyn
pryor
psych
psychcentral
psychguides
psychiatric
psychiatrictimes
psychiatrist
psychiatrists
Psychiatrists
psychiatry
psychoanalysis
psychodynamic
psychodynamics
psychological
psychologist
psychologists
psychology
psychologyists
psychologytoday
psychotherapies
psychotherapist
psychotherapists
psychotherapy
Psychotherapy
psycnet
psycom
psyd
ptsd
public
publication
publications
pubmed
pueblo
puertas
puleo
pulido
pulskamp
punteney
purcell
purdy
purvis
puskar
pustaver
putnam
q
qualified
qualities
quallich
quarry
quattlebaum
queen
queens
queijsen
question
questions
quezada
quick
quigley
quiles
quincy
quinlan
quinn
quinnise
quist
quizzes
quotes
qz
r
rabheru
raborn
racanelli
rachael
rachel
rachele
rachelle
racism
radha
radiant
radin
rae
raechelle
raeya
rafael
rafferty
rafiah
rafter
ragas
rager
ragon
rahman
rahn
rahway
rai
raiford
raimi
rainey
rainier
rainn
rainne
rair
raiza
rajan
rajk
rakhi
rakusin
raleigh
rallo
ralph
ralston
ramage
ramay
rambo
ramdat
ramirez
ramirscounselingcenter
ramon
ramona
ramos
ramy
randall
randi
randolph
randy
randye
ranes
rangel
ranger
ranked
ranlo
ransom
rapids
raquel
rashad
rashida
rashonda
rashun
rasmussen
rasnic
rasool
rate
rates
rather
rationalization
ratzburg
raul
raven
rawlings
rawlins
ray
rayland
raymer
raymond
rayna
raz
razaria
rcna6445
rct
re
read
reading
ready
reagan
real
really
realm
ream
reams
reasons
rebecca
rebekah
recaptcha
recchi
recognize
recognized
recognizing
recommendations
record
recovering
recovery
recruiters
red
redditt
redfearn
redirect
redmond
redondo
reece
reeck
reed
reeves
ref
ref294037
referer
refinery29
regain
regan
regardie
regenia
regina
register
rego
rehearsal
reid
reiersen
reimer
reine
reineke
reka
Relapse
related
Relational
relations
relationship
relationships
relaxation
releases
relief
relieve
remedies
remington
ren
renai
render
rendt
rene
renee
reneka
renette
Renjilian2001
reno
renton
reporters
reports
representation
repressed
reproductivehealth
research
researchers
researchgate
resource
resourcedoc
resources
respect
respectful
restiano
restricted
retirement
return
returned
reul
revere
review
reviews
rey
reydon
reyes
reymundo
reynolds
reynoldsburg
reyolds
rhea
rhein
rhett
rhiannon
rhine
rhoades
rhoda
rhodes
rhonda
ri
ricci
rice
Rice
rich
richard
richards
richardson
richarne
richert
richie
richland
richmond
rick
rickard
ricks
ricky
riconda
rid
riddhi
ridge
ridgefield
riecks
right
rikki
riley
rima
rinaldo
rinehart
rini
rios
ripple
ripsych
risard
rise
risk
Risk
risks
risler
rita
ritcherson
ritchie
rittenhouse
rittenmeyer
ritter
rittiman
rivadeneira
rivas
rivello
river
rivera
riverdale
riverlea
riverside
riverton
riverview
rivka
rizzo
rja
rmccn
roach
roane
roark
rob
robb
robben
robbie
robbins
robbs
roberson
robert
roberta
roberto
roberts
robertson
robichaud
robilliard
robin
robinett
robinson
robson
robyn
robyne
rochelle
rochester
rochkind
rock
rockford
rockland
rockledge
rockwall
rocky
rodin
rodrigo
rodrigues
rodriguez
rogalla
roger
rogers
roiko
roland
roldan
rolerson
roletha
roll
rollingwood
romain
roman
romanowski
rome
romesberg
rominger
romley
ron
ronak
ronald
ronda
rondel
room
rooney
roosendael
roosevelt
rooth
rory
rosa
rosalia
rosalyn
rosanna
rosas
rosato
rose
roselione
roselle
rosemary
rosenberg
rosenfeld
rosenstock
rosette
roseville
roshonda
rosie
rosine
roslyn
rosoline
ross
rossetta
rossetti
rossi
rossini
rostiac
roth
rouge
round
roundtree
rouse
routhier
routon
rouzie
rowe
rowell
rowinski
rowlett
rowley
roxana
roxanna
roxanne
roxsanna
roy
royal
rozek
rozier
ruby
rudinsky
rueda
ruggirello
ruiz
rumsey
runnemede
rupert
rushing
russell
russo
russoli
ruth
rutherford
rutland
rutowski
rutubula
ryan
ryberg
rych
s
s00520
S0140197116300343
S0165032713005120
S0165178110005901
S154431911930514X
sa
saah
sabrina
sachse
saco
sacra
sacramento
sacredsite
saddle
sadness
safos
sage
sagepub
saginaw
said
saint
saju
salama
salazar
saldana
salehi
salem
salemi
salina
salinas
salkever
salle
sallie
sally
sam
samantha
samaritans
samaroo
samet
samhouri
samhsa
samhsagov
samira
samischeetz
sammamish
samp
sampson
sams
samuel
samuels
san
sana
sanabria
sanchez
sanctuary
Sandborn
sandee
sanderl
sanders
sandlin
sandoval
sandra
sandy
sane
sanfilippo
sanford
sanquini
sansom
santa
santana
santee
santiago
santisteven
santo
santon
santorella
santos
saper
saprid
sara
sarah
Sarah
sarahbeth
sarahfader
sarahfaderny
sarai
sarandrea
saratoga
sarbuland
sargent
sarita
sarkodee
sarno
sarrat
sartreina
sassaman
sasville
satisfaction
satwant
sauer
saulque
saunders
saundra
sausalito
savage
savala
savarese
savas
save
saving
sawyer
say
saybe
saying
saylor
sayre
says
sc
scafidi
scala
scales
scalora
scamguard
scan
scarborough
scarbrough
scardino
scarr
schacht
schad
schaefer
schaff
schaffer
schaffner
schafler
schanzenbach
schapira
schapiro
scheft
schertz
schicht
schindhelm
schipp
schizophrenia
schlett
schmaltz
schmauder
schmidt
schmitz
schniers
schobert
schoellkopf
schoeppl
scholar
scholarworks
school
schrader
schrantz
schroeder
schuckert
schultz
schuman
schuring
schutte
schwabach
schwam
schwartz
schwarz
schweizer
schwenk
schweon
schwerd
science
sciencedaily
sciencedirect
sciencetech
scientifically
scientificamerican
scientists
scoggins
scott
scotts
scottsbluff
scottsdale
scovel
scpr
scranton
screening
scribner
scripttemplates
scroggs
scully
sd
seagoville
sean
searching
seat
seatac
seattle
seattlechildrens
seattletimes
secaucus
secret
section
sections
sedgwick
see
seeberg
seek
seeking
seemingly
seery
seggelke
segundo
seiders
seifert
seimears
selby
select
selena
selethia
self
selina
selma
selsvold
semanticscholar
semel
semexant
semone
semple
senija
senn
sense
sentinel
separation
Separation
serda
serenity
sereno
sergio
serious
sernatinger
serrato
service
services
Services
servin
sessions
set
seth
setiawan
setnan
seto
settings
settlement
setzer
sevak
severance
severe
sex
seyyid
sf
sha
shaakira
shadawn
shafer
shaffer
shahada
shaheen
shakeerrah
shakerclinic
shakina
shallymar
shalosky
shalyn
shamar
shame
shamona
shamrock
shanahan
shandrieka
shane
shanghai
shanice
shanita
shankoff
shanna
shannan
shannon
shantisse
sharell
shari
sharlene
sharlese
sharon
sharp
sharpe
sharrie
sharrisse
sharron
shauger
shaun
shaunae
shaunte
shavano
shavara
shaver
shaw
shawler
shawn
shawna
shawnee
shawnna
shawnte
shawntres
shawyna
shayla
she
shea
shearer
sheba
sheehy
sheena
sheet
sheets
sheffield
sheila
sheire
shekeisha
shelby
shelia
sheller
shelley
shelli
shelly
shellye
shelton
shemica
shepherd
sheppard
shepsutera
shequitta
sheri
sheriann
sherice
sheridan
sherie
sherika
sherilyn
sherman
sherri
sherrie
sherry
sherston
sheryl
sheyna
shiann
shiela
shield
shiflett
shijuan
shin
shingala
shinn
shipley
shiresse
shirley
shirly
shirria
shiva
shiver
shlomo
shoals
shoffner
shonda
shonnie
shoreline
shores
shortages
shots
should
show
showing
shows
shrink
shtml
shuck
shulman
shulter
shultz
shumaine
shupack
shyra
shywanna
si
sibilla
side
siebern
siebert
sieg
siegrist
sierra
sigala
Sigmund
sign
significance
signs
silerio
silva
silver
silverberg
silvestri
simankov
simcoe
simi
simianer
similar
simmer
simmons
simone
simons
simple
simplypsychology
simpson
sims
sinclair
singleton
sinnott
siobhan
sionkowski
siotia
sirena
sirribi
sisson
sites
sitn
six
sixbey
skalko
skarnulis
skeptical
skills
skinner
skip
skogmo
skoien
skyler
sladich
sladky
slafter
slapinski
slater
slaton
slaughter
sledd
sledge
slevin
slick
slider
sloan
slough
slover
slusher
slutskiy
small
smarter
smartphone
smartphones
smhc
smigiel
smith
smithey
smithson
smoking
smoot
snarr
snehaindia
snider
snow
snowden
snyder
so
sober
sobh
sobieski
social
Social
socorro
sohail
solana
solarz
soldo
solee
solomon
solow
solution
solutions
solve
somatoform
someone
somerset
somersworth
somerville
something
sondra
sonia
sonja
sonko
sonya
soothing
Soothing
soper
sorkin
sosa
sotelo
soucie
souder
soul
source
soussana
south
southall
southard
southfield
southgate
southlake
southport
southside
souza
sova
spaar
space
spade
spahl
spalding
spann
sparklle
spataro
spates
spaulding
speaking
Speaking
speakman
spears
specialize
spectrum
spectrumnews
speedway
speicher
spellman
spence
spencer
spice
spike
spilman
spina
spinks
spiraling
spitzer
spohn
spokane
spotlight
spreading
spring
springer
springfield
springs
sprinkle
spruill
squiers
srader
ssa
ssce
ssgManifest
ssi
ssllabs
ssltest
st
stable
stacey
staci
stacia
stacie
stacy
stafford
stage
stages
staging
stalcar
stalder
staley
stallings
stamm
stammerjohann
stample
stan
stanfield
stanfill
stangle
stanick
stanley
stanton
stapert
stapp
stark
starke
starling
starr
starrett
start
started
startup
state
staten
static
staticsrc
statistics
Statistics
status
staunch
stay
steen
steer
stefan
stefanie
steglic
stegmaier
stein
steinberg
steinert
steiss
stemm
stenuis
stephanie
stephen
stephens
steps
sterling
steve
steven
stevens
steward
stewart
stick
stickney
stidham
stigma
stillwater
stilwell
stinton
stockton
stoeckert
stokes
stomach
stone
stoner
stop
stories
stormy
story
storyId
stowers
strangers
strategies
stratton
strauss
strempek
strengthening
stress
stresstips
striblin
strickland
stringfellow
strohl
strong
stronger
stroud
strubert
struble
struggling
strunk
stuber
stuck
students
studt
study
Study
stuelpe
stulberger
style
styles
styx
suarez
subjects
sublimation
substance
suburbs
sucaldito
success
such
suchika
sue
suffering
suffers
sugar
suicideprevention
suicidepreventionlifeline
sulfridge
sullivan
sumler
sumlin
summer
summers
summit
sumpolec
sunland
sunnie
sunnyvale
sunset
sunyeo
superior
suppes
supplement
supplements
support
supportive
suraya
surigao
surprise
surrogate
Surveys
survive
susan
susannah
susie
sustain
sutterfield
sutton
suzan
suzanne
svard
swain
swan
swanton
swartz
sweatt
sweden
sweetwater
swings
swiontek
swistak
syc
sydney
syed
sykes
sylla
sylvia
sylvie
syma
symbols
symone
symons
symptoms
Symptoms
syracuse
system
szabo
szalejko
szczotka
szilagye
szukielojc
t
t156717
t4091
tachiki
tacoma
taff
taggart
tahir
tahzeeb
taianne
taiesha
tajha
takara
taking
takoma
talbot
taleatha
talia
talk
talking
talkish
talkspace
tallahassee
taloga
talty
talya
tamar
tamara
tamaru
tameka
tamekia
tamez
tami
tamika
tammera
tammie
tammy
tampa
tandy
tanesha
tanisha
tanishia
tanner
tanya
tapia
tara
tarana
tarango
taresa
tarquinio
tarryn
tarshis
taryn
tasha
tashia
tatia
tatum
taub
taught
taulbee
taveras
taverna
tavistock
tawnya
taylor
tea
teaching
teachmideast
team
tech
techinsider
techniques
technolo
technology
ted
tedstrom
teen
teenage
teencounseling
teens
Teens
tega
tel
telecia
telefonodelaesperanza
telehealth
telemedicine
telephone
telepsychology
teletherapy
telgemeyer
tellez
tempe
templain
templates
temple
templin
tera
terence
teresa
terese
teresita
teri
term
terms
terra
terrace
terre
terrell
terri
terry
terrytown
tersch
tess
test
Test
tested
tester
testimonials
tests
texola
text
thacker
than
thanh
that
thatcher
the
The
thea
theatlantic
thehotline
their
thelancet
them
themighty
theobald
theodore
theory
thera
therapedia
therapeutics
therapies
therapist
therapists
therapy
theravive
there
theresa
theresia
theriault
TheSarahFader
these
thestar
they
thiel
thiem
thienen
thilini
thing
things
think
thiry
this
This
thom
thomas
thomaston
thompson
thomsen
thoreson
thornton
thorson
those
though
three
threet
through
thurman
tia
tiana
tianna
tibby
tiburon
tidstrand
tiemeyer
tiesha
tiffani
tiffanie
tiffany
tiffini
tiffjohn98
tijen
tilley
tim
time
timme
timmins
timnath
timothy
tims
tina
tinai
tinecia
tinsley
tiona
tippy
tips
tiric
tisa
titzer
tj
tms
tn
to
tobey
tobin
today
todd
toddler
tojet
tolchinsky
toledo
toler
toll
toller
tolleson
tolson
tom
tomasheski
tomball
tomeccia
tomeka
tomeo
tomius
tomlinson
toni
tonia
tonkonogy
tony
tonya
too
tool
tools
toomer
toomey
toon
topeka
topic
topics
topinka
toporas
torango
torchon
tordosinsky
torgeir
tori
torrance
torre
torres
torrington
tortora
toth
totoro
touch
tovar
towanda
tower
town
townes
towns
townsend
toyin
traband
tracey
traci
tracie
trackjs
tracy
trahan
trahant
trail
traina
tran
Tran
translifeline
transphobia
trauma
traumatic
travelwyoming
travers
traywick
treat
treating
treatment
treatments
tree
treiber
trejos
trembley
tremika
trend
trendolyn
trends
trenker
trent
tressa
trevi
trevino
trevor
treynor
trezevant
tri
tribble
tricia
tricks
tried
trimble
trina
trinity
tripp
trisha
triumph
trk
trotta
trowbridge
troy
truax
trudy
true
truly
trust
truth
try
tubbs
tuchman
tucker
tucson
tuesday
tugend
tukwila
tula
tulsa
tumbleson
tunnell
turcotte
turk
turn
turner
turneur
tv
tvedte
tweed
twelve
twenties
twiggs
twitter
two
twomey
twyman
tx
tyeast
tygar
tyler
tylisa
tyminski
tynecca
types
tyson
u
uact
uark
ubelhor
ublacker
UCbuHqu3ZdOTwLyX9HTEErfw
uchendu
udall
ugc
uhden
uhland
uhse
ui
uk
ulloa
ulterior
unappreciated
unashamed
unc
unconditional
uncovered
under
understand
understanding
Understanding
underwood
undying
unemployment
ungar
unger
unhappy
union
unionville
universal
university
unpkg
unrequited
unruh
Untreated
unwell
up
upenn
uploads
upmc
upper
upshot
upward
upworthy
uqdah
urbancrest
uribe
uriostesmith
url
urtz
us
usatoday
use
userfiles
users
usg
using
ut
utm
utswmed
utter
utterback
v
v17i1
v3
va
vakendall
valarie
valdes
valdespino
valdez
valeh
valen
valencia
valerie
valerio
Validity
valiente
vallare
vallejo
valley
value
van
vanbrakle
vancouver
vandamme
vanden
vanderwall
vandewater
vanek
vanessa
vanick
vanman
vanover
varela
vargas
varghese
vari
varkatzas
vasquez
vasti
vatana
vator
vaughn
vault
veach
ved
veda
vega
vela
velasco
velazquez
veldhuizen
velez
vencill
venecia
venessa
venture
verda
verdes
veremchuk
vergennes
verifying
vernon
veronica
veronique
veronna
verywellmind
veteranscrisisline
via
viable
vice
vici
vick
vicki
vickie
victor
victoria
vida
video
viema
viergelie
vierling
view
viewcontent
vignola
villacorta
village
villard
villarreal
vince
vincent
vineberg
vines
vinton
viola
violence
violenceprevention
violet
virginia
virtual
visaggi
visit
vista
vitals
vivian
viviana
vladimira
voices
void
volente
von
vs
vt
vu
vujovich
w12123
w25514
wa
wachtel
wack
wade
wadsworth
wagner
wahid
wahlig
waiczis
waiting
wakefield
walach
walburn
waldo
walk
walker
wall
wallace
waller
wallisa
walls
walmsley
walser
walsh
walter
walterson
walthall
waltham
walton
wanda
ward
warden
wareesha
warner
warning
warren
washington
washingtonpost
wasierski
wass
wasserman
wasson
watauga
watch
waterbury
waterloo
watertown
waterville
wathen
watson
watsonville
watt
watts
waukegan
waxhaw
way
wayna
wayne
waynette
waynettia
ways
wbefs016
wcnc
we
We
weatherford
weaver
web
webb
webberville
webbs
weber
webmd
WebMD
webpack
websites
webster
weck
weddington
weeke
wehrell
weibust
weidenkeller
weinstein
weir
weiss
welch
welker
well
wellbeing
weller
wellington
wellmon
wellness
wells
welsh
wend
wendi
wendy
wendyboringbray
were
wert
wertz
wesley
west
westbrook
westchester
westerhof
westerville
westfall
westfield
westlake
westland
westminster
westney
westover
westville
wexelberg
weyer
whalen
whaley
what
whatiscbt
whats
wheat
wheatland
wheeler
when
where
which
whichard
While
whitaker
whitcher
whitcomb
white
whitehall
whiteland
whitewater
whitfield
whitley
whitney
whitneyjenerette
who
why
wi
wiant
wich
wichita
wickel
wickman
widgets
wieland
wienand
wiginton
wiker
wikia
wilcher
wilcox
wilder
wilding
wiley
wilfred
wilkerson
will
willett
willetta
willey
william
williams
williamsburg
williamsen
williamson
willis
willow
willson
wilmer
wilmington
wilson
wilt
wilts
wiltshire
wimer
winans
winberry
winchester
windcrest
windsor
winkler
winn
winners
winooski
winston
winter
winters
winton
wisecup
wiseman
wiss
with
witkowski
witman
witter
wixsite
wnedy
WO3QvbuGOCQ
woburn
wohlert
wohlgemuth
wolbrink
wolf
wolfe
wolke
wolman
woman
women
womenshealth
womenshistory
wont
wood
woodbine
woodinville
woodman
woodruff
woodrum
woods
woodside
woodstock
woodward
woodway
woolard
woolley
woolrich
wooten
worcester
wordpassion
words
work
Work
workable
workday
working
works
worse
wortel
worth
worthington
worthwhile
would
wp
wright
writing
wrocklage
wsj
wu
wurm
wustl
wv
www
wy
wyandotte
wyatt
wylie
wyn
wyne
wynkoop
wynnedale
wyvonne
xanax
ximena
xiong
xuemeng
XxRpKCqmPq4
y
yadush
yakima
yali
yalom
yamada
yanitza
yanofsky
yanye
yaotonalcuauhtli
yara
yarrow
yates
yeadon
year
years
yeh
yehoshua
yemen
yen
yevgeniy
yoder
yoga
yolanda
yonan
yonkers
yoonkyung
york
yoshiko
yost
you
You
young
youngblood
youngstown
youngtown
yount
your
Your
youre
yourlifecounts
yourself
yourtango
youth
Youth
youtu
youtube
yovonda
yuko
yuma
yutan
yV506P
yvette
yvonne
ywU3aZNowYtfJL6q3zERf
z
zaada
zabak
zabor
zachari
zachary
zafar
zaman
zamen
zane
zapasov
zapata
zappas
zaragoza
zarate
zaraz
zarowny
zartuche
zatyko
zayani
ZdlxZdQNrd
zebiba
zelaya
zelencik
zeller
zellner
zerka
zeumeren
zHxT6YgXQdCFIG
ziad
zimmerman
zimmermann
zimpel
zion
zippia
zirkle
zoe
zollmann
zora
zorko
zottoli
zrelec
ZtfANAawmSvRCzM04P
zuber
zubire
zuleyka
zuniga
zvonka
zwart
zwizanski
